1514571917,s1-eth1,0.00,0.00,0.00,0,0,0.00,0.00,0.00,0,0,0.00,0.00,0,0
1514571917,s1-eth2,0.00,0.00,0.00,0,0,0.00,0.00,0.00,0,0,0.00,0.00,0,0
1514571917,s2-eth1,0.00,0.00,0.00,0,0,0.00,0.00,0.00,0,0,0.00,0.00,0,0
1514571917,s2-eth2,0.00,0.00,0.00,0,0,0.00,0.00,0.00,0,0,0.00,0.00,0,0
1514571917,s3-eth1,0.00,0.00,0.00,0,0,0.00,0.00,0.00,0,0,0.00,0.00,0,0
1514571917,s3-eth2,0.00,0.00,0.00,0,0,0.00,0.00,0.00,0,0,0.00,0.00,0,0
1514571917,eth0,0.00,0.00,0.00,0,0,0.00,0.00,0.00,0,0,0.00,0.00,0,0
1514571917,lo,0.00,0.00,0.00,0,0,0.00,0.00,0.00,0,0,0.00,0.00,0,0
1514571917,total,0.00,0.00,0.00,0,0,0.00,0.00,0.00,0,0,0.00,0.00,0,0
1514571918,s1-eth1,1844718.00,44682.00,1889400.00,44682,1844718,1223.00,677.00,1900.00,677,1223,0.00,0.00,0,0
1514571918,s1-eth2,44550.00,1844718.00,1889268.00,1844718,44550,675.00,1223.00,1898.00,1223,675,0.00,0.00,0,0
1514571918,s2-eth1,1844718.00,44550.00,1889268.00,44550,1844718,1223.00,675.00,1898.00,675,1223,0.00,0.00,0,0
1514571918,s2-eth2,43230.00,1875120.00,1918350.00,1875120,43230,655.00,1244.00,1899.00,1244,655,0.00,0.00,0,0
1514571918,s3-eth1,1875120.00,43230.00,1918350.00,43230,1875120,1244.00,655.00,1899.00,655,1244,0.00,0.00,0,0
1514571918,s3-eth2,43428.00,1938708.00,1982136.00,1938708,43428,658.00,1286.00,1944.00,1286,658,0.00,0.00,0,0
1514571918,eth0,60.00,60.00,120.00,60,60,1.00,1.00,2.00,1,1,0.00,0.00,0,0
1514571918,lo,0.00,0.00,0.00,0,0,0.00,0.00,0.00,0,0,0.00,0.00,0,0
1514571918,total,5695824.00,5791068.00,11486892.00,5791068,5695824,5679.00,5761.00,11440.00,5761,5679,0.00,0.00,0,0
1514571919,s1-eth1,2701302.00,59598.00,2760900.00,59598,2701302,1791.00,903.00,2694.00,903,1791,0.00,0.00,0,0
1514571919,s1-eth2,59730.00,2769432.00,2829162.00,2769432,59730,905.00,1836.00,2741.00,1836,905,0.00,0.00,0,0
1514571919,s2-eth1,2769432.00,59730.00,2829162.00,59730,2769432,1836.00,905.00,2741.00,905,1836,0.00,0.00,0,0
1514571919,s2-eth2,61050.00,2801104.00,2862154.00,2801104,61050,925.00,1856.00,2781.00,1856,925,0.00,0.00,0,0
1514571919,s3-eth1,2801104.00,61050.00,2862154.00,61050,2801104,1856.00,925.00,2781.00,925,1856,0.00,0.00,0,0
1514571919,s3-eth2,60984.00,2737516.00,2798500.00,2737516,60984,924.00,1814.00,2738.00,1814,924,0.00,0.00,0,0
1514571919,eth0,0.00,60.00,60.00,60,0,0.00,1.00,1.00,1,0,0.00,0.00,0,0
1514571919,lo,0.00,0.00,0.00,0,0,0.00,0.00,0.00,0,0,0.00,0.00,0,0
1514571919,total,8453602.00,8488490.00,16942092.00,8488490,8453602,8237.00,8240.00,16477.00,8240,8237,0.00,0.00,0,0
1514571920,s1-eth1,3106226.00,69828.00,3176054.00,69828,3106226,2057.00,1058.00,3115.00,1058,2057,0.00,0.00,0,0
1514571920,s1-eth2,68442.00,3097142.00,3165584.00,3097142,68442,1037.00,2051.00,3088.00,2051,1037,0.00,0.00,0,0
1514571920,s2-eth1,3097142.00,68442.00,3165584.00,68442,3097142,2051.00,1037.00,3088.00,1037,2051,0.00,0.00,0,0
1514571920,s2-eth2,66924.00,3097142.00,3164066.00,3097142,66924,1014.00,2051.00,3065.00,2051,1014,0.00,0.00,0,0
1514571920,s3-eth1,3097142.00,66924.00,3164066.00,66924,3097142,2051.00,1014.00,3065.00,1014,2051,0.00,0.00,0,0
1514571920,s3-eth2,67716.00,3101684.00,3169400.00,3101684,67716,1026.00,2054.00,3080.00,2054,1026,0.00,0.00,0,0
1514571920,eth0,0.00,0.00,0.00,0,0,0.00,0.00,0.00,0,0,0.00,0.00,0,0
1514571920,lo,0.00,0.00,0.00,0,0,0.00,0.00,0.00,0,0,0.00,0.00,0,0
1514571920,total,9503592.00,9501162.00,19004754.00,9501162,9503592,9236.00,9265.00,18501.00,9265,9236,0.00,0.00,0,0
1514571921,s1-eth1,3436196.00,74188.00,3510384.00,74188,3436196,2272.00,1124.00,3396.00,1124,2272,0.00,0.00,0,0
1514571921,s1-eth2,74584.00,3430140.00,3504724.00,3430140,74584,1130.00,2268.00,3398.00,2268,1130,0.00,0.00,0,0
1514571921,s2-eth1,3430140.00,74584.00,3504724.00,74584,3430140,2268.00,1130.00,3398.00,1130,2268,0.00,0.00,0,0
1514571921,s2-eth2,75310.00,3368066.00,3443376.00,3368066,75310,1141.00,2227.00,3368.00,2227,1141,0.00,0.00,0,0
1514571921,s3-eth1,3368066.00,75310.00,3443376.00,75310,3368066,2227.00,1141.00,3368.00,1141,2227,0.00,0.00,0,0
1514571921,s3-eth2,73924.00,3363524.00,3437448.00,3363524,73924,1120.00,2224.00,3344.00,2224,1120,0.00,0.00,0,0
1514571921,eth0,0.00,0.00,0.00,0,0,0.00,0.00,0.00,0,0,0.00,0.00,0,0
1514571921,lo,1608.00,1608.00,3216.00,1608,1608,18.00,18.00,36.00,18,18,0.00,0.00,0,0
1514571921,total,10459828.00,10387420.00,20847248.00,10387420,10459828,10176.00,10132.00,20308.00,10132,10176,0.00,0.00,0,0
1514571922,s1-eth1,3636140.00,80256.00,3716396.00,80256,3636140,2406.00,1216.00,3622.00,1216,2406,0.00,0.00,0,0
1514571922,s1-eth2,79860.00,3646098.00,3725958.00,3646098,79860,1210.00,2413.00,3623.00,2413,1210,0.00,0.00,0,0
1514571922,s2-eth1,3646098.00,79860.00,3725958.00,79860,3646098,2413.00,1210.00,3623.00,1210,2413,0.00,0.00,0,0
1514571922,s2-eth2,79266.00,3653668.00,3732934.00,3653668,79266,1201.00,2418.00,3619.00,2418,1201,0.00,0.00,0,0
1514571922,s3-eth1,3653668.00,79266.00,3732934.00,79266,3653668,2418.00,1201.00,3619.00,1201,2418,0.00,0.00,0,0
1514571922,s3-eth2,79530.00,3653668.00,3733198.00,3653668,79530,1205.00,2418.00,3623.00,2418,1205,0.00,0.00,0,0
1514571922,eth0,0.00,0.00,0.00,0,0,0.00,0.00,0.00,0,0,0.00,0.00,0,0
1514571922,lo,864.00,864.00,1728.00,864,864,9.00,9.00,18.00,9,9,0.00,0.00,0,0
1514571922,total,11175426.00,11193680.00,22369106.00,11193680,11175426,10862.00,10885.00,21747.00,10885,10862,0.00,0.00,0,0
1514571923,s1-eth1,4058756.00,88638.00,4147394.00,88638,4058756,2686.00,1343.00,4029.00,1343,2686,0.00,0.00,0,0
1514571923,s1-eth2,88308.00,4036686.00,4124994.00,4036686,88308,1338.00,2671.00,4009.00,2671,1338,0.00,0.00,0,0
1514571923,s2-eth1,4036686.00,88308.00,4124994.00,88308,4036686,2671.00,1338.00,4009.00,1338,2671,0.00,0.00,0,0
1514571923,s2-eth2,89364.00,4029116.00,4118480.00,4029116,89364,1354.00,2666.00,4020.00,2666,1354,0.00,0.00,0,0
1514571923,s3-eth1,4029116.00,89364.00,4118480.00,89364,4029116,2666.00,1354.00,4020.00,1354,2666,0.00,0.00,0,0
1514571923,s3-eth2,89100.00,4055728.00,4144828.00,4055728,89100,1350.00,2684.00,4034.00,2684,1350,0.00,0.00,0,0
1514571923,eth0,0.00,0.00,0.00,0,0,0.00,0.00,0.00,0,0,0.00,0.00,0,0
1514571923,lo,0.00,0.00,0.00,0,0,0.00,0.00,0.00,0,0,0.00,0.00,0,0
1514571923,total,12391330.00,12387840.00,24779170.00,12387840,12391330,12065.00,12056.00,24121.00,12056,12065,0.00,0.00,0,0
1514571924,s1-eth1,4457182.00,99528.00,4556710.00,99528,4457182,2951.00,1508.00,4459.00,1508,2951,0.00,0.00,0,0
1514571924,s1-eth2,99858.00,4445070.00,4544928.00,4445070,99858,1513.00,2943.00,4456.00,2943,1513,0.00,0.00,0,0
1514571924,s2-eth1,4445070.00,99858.00,4544928.00,99858,4445070,2943.00,1513.00,4456.00,1513,2943,0.00,0.00,0,0
1514571924,s2-eth2,98802.00,4504116.00,4602918.00,4504116,98802,1497.00,2982.00,4479.00,2982,1497,0.00,0.00,0,0
1514571924,s3-eth1,4504116.00,98802.00,4602918.00,98802,4504116,2982.00,1497.00,4479.00,1497,2982,0.00,0.00,0,0
1514571924,s3-eth2,99660.00,4547148.00,4646808.00,4547148,99660,1510.00,3010.00,4520.00,3010,1510,0.00,0.00,0,0
1514571924,eth0,0.00,0.00,0.00,0,0,0.00,0.00,0.00,0,0,0.00,0.00,0,0
1514571924,lo,0.00,0.00,0.00,0,0,0.00,0.00,0.00,0,0,0.00,0.00,0,0
1514571924,total,13704688.00,13794522.00,27499210.00,13794522,13704688,13396.00,13453.00,26849.00,13453,13396,0.00,0.00,0,0
1514571925,s1-eth1,4934511.50,109058.95,5043570.50,109168,4939446,3265.73,1652.35,4918.08,1654,3269,0.00,0.00,0,0
1514571925,s1-eth2,109520.48,4967786.50,5077307.00,4972754,109630,1659.34,3287.71,4947.05,3291,1661,0.00,0.00,0,0
1514571925,s2-eth1,4967786.50,109520.48,5077307.00,109630,4972754,3287.71,1659.34,4947.05,1661,3291,0.00,0.00,0,0
1514571925,s2-eth2,109784.22,4948124.00,5057908.00,4953072,109894,1663.34,3274.73,4938.06,3278,1665,0.00,0.00,0,0
1514571925,s3-eth1,4948124.00,109784.22,5057908.00,109894,4953072,3274.73,1663.34,4938.06,1665,3278,0.00,0.00,0,0
1514571925,s3-eth2,108927.08,4913337.00,5022264.00,4918250,109036,1650.35,3251.75,4902.10,3255,1652,0.00,0.00,0,0
1514571925,eth0,59.94,73.93,133.87,74,60,1.00,1.00,2.00,1,1,0.00,0.00,0,0
1514571925,lo,1606.39,1606.39,3212.79,1608,1608,17.98,17.98,35.96,18,18,0.00,0.00,0,0
1514571925,total,15180320.00,15159291.00,30339612.00,15174450,15195500,14820.18,14808.19,29628.37,14823,14835,0.00,0.00,0,0
1514571926,s1-eth1,5410164.00,119592.00,5529756.00,119592,5410164,3578.00,1812.00,5390.00,1812,3578,0.00,0.00,0,0
1514571926,s1-eth2,119526.00,5410164.00,5529690.00,5410164,119526,1811.00,3578.00,5389.00,3578,1811,0.00,0.00,0,0
1514571926,s2-eth1,5410164.00,119526.00,5529690.00,119526,5410164,3578.00,1811.00,5389.00,1811,3578,0.00,0.00,0,0
1514571926,s2-eth2,119262.00,5434388.00,5553650.00,5434388,119262,1807.00,3594.00,5401.00,3594,1807,0.00,0.00,0,0
1514571926,s3-eth1,5434388.00,119262.00,5553650.00,119262,5434388,3594.00,1807.00,5401.00,1807,3594,0.00,0.00,0,0
1514571926,s3-eth2,119262.00,5461640.00,5580902.00,5461640,119262,1807.00,3612.00,5419.00,3612,1807,0.00,0.00,0,0
1514571926,eth0,0.00,0.00,0.00,0,0,0.00,0.00,0.00,0,0,0.00,0.00,0,0
1514571926,lo,0.00,0.00,0.00,0,0,0.00,0.00,0.00,0,0,0.00,0.00,0,0
1514571926,total,16612766.00,16664572.00,33277338.00,16664572,16612766,16175.00,16214.00,32389.00,16214,16175,0.00,0.00,0,0
1514571927,s1-eth1,5925148.00,130812.00,6055960.00,130812,5925148,3918.00,1982.00,5900.00,1982,3918,0.00,0.00,0,0
1514571927,s1-eth2,130416.00,5925148.00,6055564.00,5925148,130416,1976.00,3918.00,5894.00,3918,1976,0.00,0.00,0,0
1514571927,s2-eth1,5925148.00,130416.00,6055564.00,130416,5925148,3918.00,1976.00,5894.00,1976,3918,0.00,0.00,0,0
1514571927,s2-eth2,130482.00,5923634.00,6054116.00,5923634,130482,1977.00,3917.00,5894.00,3917,1977,0.00,0.00,0,0
1514571927,s3-eth1,5923634.00,130482.00,6054116.00,130482,5923634,3917.00,1977.00,5894.00,1977,3917,0.00,0.00,0,0
1514571927,s3-eth2,130548.00,5925148.00,6055696.00,5925148,130548,1978.00,3918.00,5896.00,3918,1978,0.00,0.00,0,0
1514571927,eth0,0.00,0.00,0.00,0,0,0.00,0.00,0.00,0,0,0.00,0.00,0,0
1514571927,lo,0.00,0.00,0.00,0,0,0.00,0.00,0.00,0,0,0.00,0.00,0,0
1514571927,total,18165376.00,18165640.00,36331016.00,18165640,18165376,17684.00,17688.00,35372.00,17688,17684,0.00,0.00,0,0
1514571928,s1-eth1,6140902.00,134838.00,6275740.00,134838,6140902,4059.00,2043.00,6102.00,2043,4059,0.00,0.00,0,0
1514571928,s1-eth2,134904.00,6143850.00,6278754.00,6143850,134904,2044.00,4061.00,6105.00,4061,2044,0.00,0.00,0,0
1514571928,s2-eth1,6143850.00,134904.00,6278754.00,134904,6143850,4061.00,2044.00,6105.00,2044,4061,0.00,0.00,0,0
1514571928,s2-eth2,134838.00,6145364.00,6280202.00,6145364,134838,2043.00,4062.00,6105.00,4062,2043,0.00,0.00,0,0
1514571928,s3-eth1,6145364.00,134838.00,6280202.00,134838,6145364,4062.00,2043.00,6105.00,2043,4062,0.00,0.00,0,0
1514571928,s3-eth2,134772.00,6146878.00,6281650.00,6146878,134772,2042.00,4063.00,6105.00,4063,2042,0.00,0.00,0,0
1514571928,eth0,0.00,0.00,0.00,0,0,0.00,0.00,0.00,0,0,0.00,0.00,0,0
1514571928,lo,0.00,0.00,0.00,0,0,0.00,0.00,0.00,0,0,0.00,0.00,0,0
1514571928,total,18834630.00,18840672.00,37675304.00,18840672,18834630,18311.00,18316.00,36627.00,18316,18311,0.00,0.00,0,0
1514571929,s1-eth1,6141382.00,133980.00,6275362.00,133980,6141382,4059.00,2030.00,6089.00,2030,4059,0.00,0.00,0,0
1514571929,s1-eth2,133980.00,6141462.00,6275442.00,6141462,133980,2030.00,4059.00,6089.00,4059,2030,0.00,0.00,0,0
1514571929,s2-eth1,6141462.00,133980.00,6275442.00,133980,6141462,4059.00,2030.00,6089.00,2030,4059,0.00,0.00,0,0
1514571929,s2-eth2,133980.00,6150546.00,6284526.00,6150546,133980,2030.00,4065.00,6095.00,4065,2030,0.00,0.00,0,0
1514571929,s3-eth1,6150546.00,133980.00,6284526.00,133980,6150546,4065.00,2030.00,6095.00,2030,4065,0.00,0.00,0,0
1514571929,s3-eth2,133980.00,6153574.00,6287554.00,6153574,133980,2030.00,4067.00,6097.00,4067,2030,0.00,0.00,0,0
1514571929,eth0,90.00,0.00,90.00,0,90,1.00,0.00,1.00,0,1,0.00,0.00,0,0
1514571929,lo,0.00,0.00,0.00,0,0,0.00,0.00,0.00,0,0,0.00,0.00,0,0
1514571929,total,18835420.00,18847522.00,37682944.00,18847522,18835420,18274.00,18281.00,36555.00,18281,18274,0.00,0.00,0,0
1514571930,s1-eth1,6218300.00,135828.00,6354128.00,135828,6218300,4114.00,2058.00,6172.00,2058,4114,0.00,0.00,0,0
1514571930,s1-eth2,135762.00,6218300.00,6354062.00,6218300,135762,2057.00,4114.00,6171.00,4114,2057,0.00,0.00,0,0
1514571930,s2-eth1,6218300.00,135762.00,6354062.00,135762,6218300,4114.00,2057.00,6171.00,2057,4114,0.00,0.00,0,0
1514571930,s2-eth2,135762.00,6218300.00,6354062.00,6218300,135762,2057.00,4114.00,6171.00,4114,2057,0.00,0.00,0,0
1514571930,s3-eth1,6218300.00,135762.00,6354062.00,135762,6218300,4114.00,2057.00,6171.00,2057,4114,0.00,0.00,0,0
1514571930,s3-eth2,135762.00,6222842.00,6358604.00,6222842,135762,2057.00,4117.00,6174.00,4117,2057,0.00,0.00,0,0
1514571930,eth0,0.00,180.00,180.00,180,0,0.00,2.00,2.00,2,0,0.00,0.00,0,0
1514571930,lo,516.00,516.00,1032.00,516,516,9.00,9.00,18.00,9,9,0.00,0.00,0,0
1514571930,total,19062702.00,19067490.00,38130192.00,19067490,19062702,18522.00,18528.00,37050.00,18528,18522,0.00,0.00,0,0
1514571931,s1-eth1,6135726.00,133980.00,6269706.00,133980,6135726,4059.00,2030.00,6089.00,2030,4059,0.00,0.00,0,0
1514571931,s1-eth2,133980.00,6141782.00,6275762.00,6141782,133980,2030.00,4063.00,6093.00,4063,2030,0.00,0.00,0,0
1514571931,s2-eth1,6141782.00,133980.00,6275762.00,133980,6141782,4063.00,2030.00,6093.00,2030,4063,0.00,0.00,0,0
1514571931,s2-eth2,133980.00,6143296.00,6277276.00,6143296,133980,2030.00,4064.00,6094.00,4064,2030,0.00,0.00,0,0
1514571931,s3-eth1,6143296.00,133980.00,6277276.00,133980,6143296,4064.00,2030.00,6094.00,2030,4064,0.00,0.00,0,0
1514571931,s3-eth2,133980.00,6138754.00,6272734.00,6138754,133980,2030.00,4061.00,6091.00,4061,2030,0.00,0.00,0,0
1514571931,eth0,60.00,60.00,120.00,60,60,1.00,1.00,2.00,1,1,0.00,0.00,0,0
1514571931,lo,0.00,0.00,0.00,0,0,0.00,0.00,0.00,0,0,0.00,0.00,0,0
1514571931,total,18822804.00,18825832.00,37648636.00,18825832,18822804,18277.00,18279.00,36556.00,18279,18277,0.00,0.00,0,0
1514571932,s1-eth1,6041512.00,131934.00,6173446.00,131934,6041512,3996.00,1999.00,5995.00,1999,3996,0.00,0.00,0,0
1514571932,s1-eth2,131934.00,6032428.00,6164362.00,6032428,131934,1999.00,3990.00,5989.00,3990,1999,0.00,0.00,0,0
1514571932,s2-eth1,6032428.00,131934.00,6164362.00,131934,6032428,3990.00,1999.00,5989.00,1999,3990,0.00,0.00,0,0
1514571932,s2-eth2,132000.00,6021830.00,6153830.00,6021830,132000,2000.00,3983.00,5983.00,3983,2000,0.00,0.00,0,0
1514571932,s3-eth1,6021830.00,132000.00,6153830.00,132000,6021830,3983.00,2000.00,5983.00,2000,3983,0.00,0.00,0,0
1514571932,s3-eth2,132066.00,6015774.00,6147840.00,6015774,132066,2001.00,3979.00,5980.00,3979,2001,0.00,0.00,0,0
1514571932,eth0,0.00,60.00,60.00,60,0,0.00,1.00,1.00,1,0,0.00,0.00,0,0
1514571932,lo,0.00,0.00,0.00,0,0,0.00,0.00,0.00,0,0,0.00,0.00,0,0
1514571932,total,18491770.00,18465960.00,36957728.00,18465960,18491770,17969.00,17951.00,35920.00,17951,17969,0.00,0.00,0,0
1514571933,s1-eth1,6081687.00,132790.42,6214477.00,133056,6093850,4016.97,2011.98,6028.94,2016,4025,0.00,0.00,0,0
1514571933,s1-eth2,132790.42,6089241.50,6222032.00,6101420,133056,2011.98,4021.96,6033.93,4030,2016,0.00,0.00,0,0
1514571933,s2-eth1,6089241.50,132790.42,6222032.00,133056,6101420,4021.96,2011.98,6033.93,2016,4030,0.00,0.00,0,0
1514571933,s2-eth2,132988.03,6093774.50,6226762.50,6105962,133254,2014.97,4024.95,6039.92,4033,2019,0.00,0.00,0,0
1514571933,s3-eth1,6093774.50,132988.03,6226762.50,133254,6105962,4024.95,2014.97,6039.92,2019,4033,0.00,0.00,0,0
1514571933,s3-eth2,132922.16,6105862.50,6238784.50,6118074,133188,2013.97,4032.93,6046.91,4041,2018,0.00,0.00,0,0
1514571933,eth0,89.82,0.00,89.82,0,90,1.00,0.00,1.00,0,1,0.00,0.00,0,0
1514571933,lo,0.00,0.00,0.00,0,0,0.00,0.00,0.00,0,0,0.00,0.00,0,0
1514571933,total,18663494.00,18687448.00,37350940.00,18724822,18700820,18105.79,18118.76,36224.55,18155,18142,0.00,0.00,0,0
1514571934,s1-eth1,6158012.00,134046.00,6292058.00,134046,6158012,4070.00,2031.00,6101.00,2031,4070,0.00,0.00,0,0
1514571934,s1-eth2,134046.00,6159526.00,6293572.00,6159526,134046,2031.00,4071.00,6102.00,4071,2031,0.00,0.00,0,0
1514571934,s2-eth1,6159526.00,134046.00,6293572.00,134046,6159526,4071.00,2031.00,6102.00,2031,4071,0.00,0.00,0,0
1514571934,s2-eth2,133848.00,6154984.00,6288832.00,6154984,133848,2028.00,4068.00,6096.00,4068,2028,0.00,0.00,0,0
1514571934,s3-eth1,6154984.00,133848.00,6288832.00,133848,6154984,4068.00,2028.00,6096.00,2028,4068,0.00,0.00,0,0
1514571934,s3-eth2,133848.00,6142872.00,6276720.00,6142872,133848,2028.00,4060.00,6088.00,4060,2028,0.00,0.00,0,0
1514571934,eth0,0.00,180.00,180.00,180,0,0.00,2.00,2.00,2,0,0.00,0.00,0,0
1514571934,lo,0.00,0.00,0.00,0,0,0.00,0.00,0.00,0,0,0.00,0.00,0,0
1514571934,total,18874264.00,18859502.00,37733768.00,18859502,18874264,18296.00,18291.00,36587.00,18291,18296,0.00,0.00,0,0
1514571935,s1-eth1,6209826.00,135498.00,6345324.00,135498,6209826,4105.00,2053.00,6158.00,2053,4105,0.00,0.00,0,0
1514571935,s1-eth2,135498.00,6205284.00,6340782.00,6205284,135498,2053.00,4102.00,6155.00,4102,2053,0.00,0.00,0,0
1514571935,s2-eth1,6205284.00,135498.00,6340782.00,135498,6205284,4102.00,2053.00,6155.00,2053,4102,0.00,0.00,0,0
1514571935,s2-eth2,135498.00,6208312.00,6343810.00,6208312,135498,2053.00,4104.00,6157.00,4104,2053,0.00,0.00,0,0
1514571935,s3-eth1,6208312.00,135498.00,6343810.00,135498,6208312,4104.00,2053.00,6157.00,2053,4104,0.00,0.00,0,0
1514571935,s3-eth2,135498.00,6209826.00,6345324.00,6209826,135498,2053.00,4105.00,6158.00,4105,2053,0.00,0.00,0,0
1514571935,eth0,0.00,0.00,0.00,0,0,0.00,0.00,0.00,0,0,0.00,0.00,0,0
1514571935,lo,516.00,516.00,1032.00,516,516,9.00,9.00,18.00,9,9,0.00,0.00,0,0
1514571935,total,19030432.00,19030432.00,38060864.00,19030432,19030432,18479.00,18479.00,36958.00,18479,18479,0.00,0.00,0,0
1514571936,s1-eth1,6202266.00,135366.00,6337632.00,135366,6202266,4101.00,2051.00,6152.00,2051,4101,0.00,0.00,0,0
1514571936,s1-eth2,135432.00,6203780.00,6339212.00,6203780,135432,2052.00,4102.00,6154.00,4102,2052,0.00,0.00,0,0
1514571936,s2-eth1,6203780.00,135432.00,6339212.00,135432,6203780,4102.00,2052.00,6154.00,2052,4102,0.00,0.00,0,0
1514571936,s2-eth2,135366.00,6214378.00,6349744.00,6214378,135366,2051.00,4109.00,6160.00,4109,2051,0.00,0.00,0,0
1514571936,s3-eth1,6214378.00,135366.00,6349744.00,135366,6214378,4109.00,2051.00,6160.00,2051,4109,0.00,0.00,0,0
1514571936,s3-eth2,135366.00,6214378.00,6349744.00,6214378,135366,2051.00,4109.00,6160.00,4109,2051,0.00,0.00,0,0
1514571936,eth0,0.00,0.00,0.00,0,0,0.00,0.00,0.00,0,0,0.00,0.00,0,0
1514571936,lo,0.00,0.00,0.00,0,0,0.00,0.00,0.00,0,0,0.00,0.00,0,0
1514571936,total,19026588.00,19038700.00,38065288.00,19038700,19026588,18466.00,18474.00,36940.00,18474,18466,0.00,0.00,0,0
1514571937,s1-eth1,6152126.00,134508.00,6286634.00,134508,6152126,4067.00,2038.00,6105.00,2038,4067,0.00,0.00,0,0
1514571937,s1-eth2,134442.00,6153640.00,6288082.00,6153640,134442,2037.00,4068.00,6105.00,4068,2037,0.00,0.00,0,0
1514571937,s2-eth1,6153640.00,134442.00,6288082.00,134442,6153640,4068.00,2037.00,6105.00,2037,4068,0.00,0.00,0,0
1514571937,s2-eth2,134508.00,6147584.00,6282092.00,6147584,134508,2038.00,4064.00,6102.00,4064,2038,0.00,0.00,0,0
1514571937,s3-eth1,6147584.00,134508.00,6282092.00,134508,6147584,4064.00,2038.00,6102.00,2038,4064,0.00,0.00,0,0
1514571937,s3-eth2,134508.00,6152360.00,6286868.00,6152360,134508,2038.00,4068.00,6106.00,4068,2038,0.00,0.00,0,0
1514571937,eth0,180.00,0.00,180.00,0,180,2.00,0.00,2.00,0,2,0.00,0.00,0,0
1514571937,lo,0.00,0.00,0.00,0,0,0.00,0.00,0.00,0,0,0.00,0.00,0,0
1514571937,total,18856988.00,18857042.00,37714032.00,18857042,18856988,18314.00,18313.00,36627.00,18313,18314,0.00,0.00,0,0
1514571938,s1-eth1,6203658.00,135168.00,6338826.00,135168,6203658,4101.00,2048.00,6149.00,2048,4101,0.00,0.00,0,0
1514571938,s1-eth2,135168.00,6203658.00,6338826.00,6203658,135168,2048.00,4101.00,6149.00,4101,2048,0.00,0.00,0,0
1514571938,s2-eth1,6203658.00,135168.00,6338826.00,135168,6203658,4101.00,2048.00,6149.00,2048,4101,0.00,0.00,0,0
1514571938,s2-eth2,135102.00,6202144.00,6337246.00,6202144,135102,2047.00,4100.00,6147.00,4100,2047,0.00,0.00,0,0
1514571938,s3-eth1,6202144.00,135102.00,6337246.00,135102,6202144,4100.00,2047.00,6147.00,2047,4100,0.00,0.00,0,0
1514571938,s3-eth2,135168.00,6202144.00,6337312.00,6202144,135168,2048.00,4100.00,6148.00,4100,2048,0.00,0.00,0,0
1514571938,eth0,60.00,420.00,480.00,420,60,1.00,5.00,6.00,5,1,0.00,0.00,0,0
1514571938,lo,0.00,0.00,0.00,0,0,0.00,0.00,0.00,0,0,0.00,0.00,0,0
1514571938,total,19014958.00,19013804.00,38028760.00,19013804,19014958,18446.00,18449.00,36895.00,18449,18446,0.00,0.00,0,0
1514571939,s1-eth1,6223340.00,135762.00,6359102.00,135762,6223340,4114.00,2057.00,6171.00,2057,4114,0.00,0.00,0,0
1514571939,s1-eth2,135762.00,6223340.00,6359102.00,6223340,135762,2057.00,4114.00,6171.00,4114,2057,0.00,0.00,0,0
1514571939,s2-eth1,6223340.00,135762.00,6359102.00,135762,6223340,4114.00,2057.00,6171.00,2057,4114,0.00,0.00,0,0
1514571939,s2-eth2,135828.00,6223340.00,6359168.00,6223340,135828,2058.00,4114.00,6172.00,4114,2058,0.00,0.00,0,0
1514571939,s3-eth1,6223340.00,135828.00,6359168.00,135828,6223340,4114.00,2058.00,6172.00,2058,4114,0.00,0.00,0,0
1514571939,s3-eth2,135762.00,6224620.00,6360382.00,6224620,135762,2057.00,4114.00,6171.00,4114,2057,0.00,0.00,0,0
1514571939,eth0,0.00,0.00,0.00,0,0,0.00,0.00,0.00,0,0,0.00,0.00,0,0
1514571939,lo,0.00,0.00,0.00,0,0,0.00,0.00,0.00,0,0,0.00,0.00,0,0
1514571939,total,19077372.00,19078652.00,38156024.00,19078652,19077372,18514.00,18514.00,37028.00,18514,18514,0.00,0.00,0,0
1514571940,s1-eth1,6242788.00,136158.00,6378946.00,136158,6242788,4126.00,2063.00,6189.00,2063,4126,0.00,0.00,0,0
1514571940,s1-eth2,136224.00,6242788.00,6379012.00,6242788,136224,2064.00,4126.00,6190.00,4126,2064,0.00,0.00,0,0
1514571940,s2-eth1,6242788.00,136224.00,6379012.00,136224,6242788,4126.00,2064.00,6190.00,2064,4126,0.00,0.00,0,0
1514571940,s2-eth2,136158.00,6242788.00,6378946.00,6242788,136158,2063.00,4126.00,6189.00,4126,2063,0.00,0.00,0,0
1514571940,s3-eth1,6242788.00,136158.00,6378946.00,136158,6242788,4126.00,2063.00,6189.00,2063,4126,0.00,0.00,0,0
1514571940,s3-eth2,136158.00,6242788.00,6378946.00,6242788,136158,2063.00,4126.00,6189.00,4126,2063,0.00,0.00,0,0
1514571940,eth0,0.00,0.00,0.00,0,0,0.00,0.00,0.00,0,0,0.00,0.00,0,0
1514571940,lo,516.00,516.00,1032.00,516,516,9.00,9.00,18.00,9,9,0.00,0.00,0,0
1514571940,total,19137420.00,19137420.00,38274840.00,19137420,19137420,18577.00,18577.00,37154.00,18577,18577,0.00,0.00,0,0
1514571941,s1-eth1,6224504.00,135960.00,6360464.00,135960,6224504,4116.00,2060.00,6176.00,2060,4116,0.00,0.00,0,0
1514571941,s1-eth2,135894.00,6226018.00,6361912.00,6226018,135894,2059.00,4117.00,6176.00,4117,2059,0.00,0.00,0,0
1514571941,s2-eth1,6226018.00,135894.00,6361912.00,135894,6226018,4117.00,2059.00,6176.00,2059,4117,0.00,0.00,0,0
1514571941,s2-eth2,135894.00,6226018.00,6361912.00,6226018,135894,2059.00,4117.00,6176.00,4117,2059,0.00,0.00,0,0
1514571941,s3-eth1,6226018.00,135894.00,6361912.00,135894,6226018,4117.00,2059.00,6176.00,2059,4117,0.00,0.00,0,0
1514571941,s3-eth2,135894.00,6226018.00,6361912.00,6226018,135894,2059.00,4117.00,6176.00,4117,2059,0.00,0.00,0,0
1514571941,eth0,0.00,0.00,0.00,0,0,0.00,0.00,0.00,0,0,0.00,0.00,0,0
1514571941,lo,0.00,0.00,0.00,0,0,0.00,0.00,0.00,0,0,0.00,0.00,0,0
1514571941,total,19084222.00,19085802.00,38170024.00,19085802,19084222,18527.00,18529.00,37056.00,18529,18527,0.00,0.00,0,0
1514571942,s1-eth1,6217304.00,135696.00,6353000.00,135696,6217304,4112.00,2056.00,6168.00,2056,4112,0.00,0.00,0,0
1514571942,s1-eth2,135696.00,6211482.00,6347178.00,6211482,135696,2056.00,4109.00,6165.00,4109,2056,0.00,0.00,0,0
1514571942,s2-eth1,6211482.00,135696.00,6347178.00,135696,6211482,4109.00,2056.00,6165.00,2056,4109,0.00,0.00,0,0
1514571942,s2-eth2,135696.00,6211482.00,6347178.00,6211482,135696,2056.00,4109.00,6165.00,4109,2056,0.00,0.00,0,0
1514571942,s3-eth1,6211482.00,135696.00,6347178.00,135696,6211482,4109.00,2056.00,6165.00,2056,4109,0.00,0.00,0,0
1514571942,s3-eth2,135762.00,6211482.00,6347244.00,6211482,135762,2057.00,4109.00,6166.00,4109,2057,0.00,0.00,0,0
1514571942,eth0,0.00,0.00,0.00,0,0,0.00,0.00,0.00,0,0,0.00,0.00,0,0
1514571942,lo,0.00,0.00,0.00,0,0,0.00,0.00,0.00,0,0,0.00,0.00,0,0
1514571942,total,19047422.00,19041534.00,38088956.00,19041534,19047422,18499.00,18495.00,36994.00,18495,18499,0.00,0.00,0,0
1514571943,s1-eth1,6223594.00,135894.00,6359488.00,135894,6223594,4117.00,2059.00,6176.00,2059,4117,0.00,0.00,0,0
1514571943,s1-eth2,135894.00,6224874.00,6360768.00,6224874,135894,2059.00,4117.00,6176.00,4117,2059,0.00,0.00,0,0
1514571943,s2-eth1,6224874.00,135894.00,6360768.00,135894,6224874,4117.00,2059.00,6176.00,2059,4117,0.00,0.00,0,0
1514571943,s2-eth2,135960.00,6224874.00,6360834.00,6224874,135960,2060.00,4117.00,6177.00,4117,2060,0.00,0.00,0,0
1514571943,s3-eth1,6224874.00,135960.00,6360834.00,135960,6224874,4117.00,2060.00,6177.00,2060,4117,0.00,0.00,0,0
1514571943,s3-eth2,135894.00,6224874.00,6360768.00,6224874,135894,2059.00,4117.00,6176.00,4117,2059,0.00,0.00,0,0
1514571943,eth0,120.00,120.00,240.00,120,120,2.00,2.00,4.00,2,2,0.00,0.00,0,0
1514571943,lo,0.00,0.00,0.00,0,0,0.00,0.00,0.00,0,0,0.00,0.00,0,0
1514571943,total,19081210.00,19082490.00,38163700.00,19082490,19081210,18531.00,18531.00,37062.00,18531,18531,0.00,0.00,0,0
1514571944,s1-eth1,6223594.00,136422.00,6360016.00,136422,6223594,4117.00,2067.00,6184.00,2067,4117,0.00,0.00,0,0
1514571944,s1-eth2,136488.00,6223594.00,6360082.00,6223594,136488,2068.00,4117.00,6185.00,4117,2068,0.00,0.00,0,0
1514571944,s2-eth1,6223594.00,136488.00,6360082.00,136488,6223594,4117.00,2068.00,6185.00,2068,4117,0.00,0.00,0,0
1514571944,s2-eth2,136422.00,6223594.00,6360016.00,6223594,136422,2067.00,4117.00,6184.00,4117,2067,0.00,0.00,0,0
1514571944,s3-eth1,6223594.00,136422.00,6360016.00,136422,6223594,4117.00,2067.00,6184.00,2067,4117,0.00,0.00,0,0
1514571944,s3-eth2,136422.00,6223594.00,6360016.00,6223594,136422,2067.00,4117.00,6184.00,4117,2067,0.00,0.00,0,0
1514571944,eth0,0.00,0.00,0.00,0,0,0.00,0.00,0.00,0,0,0.00,0.00,0,0
1514571944,lo,0.00,0.00,0.00,0,0,0.00,0.00,0.00,0,0,0.00,0.00,0,0
1514571944,total,19080114.00,19080114.00,38160228.00,19080114,19080114,18553.00,18553.00,37106.00,18553,18553,0.00,0.00,0,0
1514571945,s1-eth1,6222774.00,135960.00,6358734.00,135960,6222774,4111.00,2060.00,6171.00,2060,4111,0.00,0.00,0,0
1514571945,s1-eth2,135960.00,6224288.00,6360248.00,6224288,135960,2060.00,4112.00,6172.00,4112,2060,0.00,0.00,0,0
1514571945,s2-eth1,6224288.00,135960.00,6360248.00,135960,6224288,4112.00,2060.00,6172.00,2060,4112,0.00,0.00,0,0
1514571945,s2-eth2,135960.00,6224288.00,6360248.00,6224288,135960,2060.00,4112.00,6172.00,4112,2060,0.00,0.00,0,0
1514571945,s3-eth1,6224288.00,135960.00,6360248.00,135960,6224288,4112.00,2060.00,6172.00,2060,4112,0.00,0.00,0,0
1514571945,s3-eth2,135960.00,6224288.00,6360248.00,6224288,135960,2060.00,4112.00,6172.00,4112,2060,0.00,0.00,0,0
1514571945,eth0,0.00,60.00,60.00,60,0,0.00,1.00,1.00,1,0,0.00,0.00,0,0
1514571945,lo,516.00,516.00,1032.00,516,516,9.00,9.00,18.00,9,9,0.00,0.00,0,0
1514571945,total,19079746.00,19081320.00,38161064.00,19081320,19079746,18524.00,18526.00,37050.00,18526,18524,0.00,0.00,0,0
1514571946,s1-eth1,6252606.00,136488.00,6389094.00,136488,6252606,4135.00,2068.00,6203.00,2068,4135,0.00,0.00,0,0
1514571946,s1-eth2,136422.00,6252606.00,6389028.00,6252606,136422,2067.00,4135.00,6202.00,4135,2067,0.00,0.00,0,0
1514571946,s2-eth1,6252606.00,136422.00,6389028.00,136422,6252606,4135.00,2067.00,6202.00,2067,4135,0.00,0.00,0,0
1514571946,s2-eth2,136422.00,6252606.00,6389028.00,6252606,136422,2067.00,4135.00,6202.00,4135,2067,0.00,0.00,0,0
1514571946,s3-eth1,6252606.00,136422.00,6389028.00,136422,6252606,4135.00,2067.00,6202.00,2067,4135,0.00,0.00,0,0
1514571946,s3-eth2,136422.00,6252606.00,6389028.00,6252606,136422,2067.00,4135.00,6202.00,4135,2067,0.00,0.00,0,0
1514571946,eth0,0.00,0.00,0.00,0,0,0.00,0.00,0.00,0,0,0.00,0.00,0,0
1514571946,lo,0.00,0.00,0.00,0,0,0.00,0.00,0.00,0,0,0.00,0.00,0,0
1514571946,total,19167084.00,19167150.00,38334232.00,19167150,19167084,18606.00,18607.00,37213.00,18607,18606,0.00,0.00,0,0
1514571947,s1-eth1,6231164.00,136026.00,6367190.00,136026,6231164,4122.00,2061.00,6183.00,2061,4122,0.00,0.00,0,0
1514571947,s1-eth2,136092.00,6231164.00,6367256.00,6231164,136092,2062.00,4122.00,6184.00,4122,2062,0.00,0.00,0,0
1514571947,s2-eth1,6231164.00,136092.00,6367256.00,136092,6231164,4122.00,2062.00,6184.00,2062,4122,0.00,0.00,0,0
1514571947,s2-eth2,136092.00,6232678.00,6368770.00,6232678,136092,2062.00,4123.00,6185.00,4123,2062,0.00,0.00,0,0
1514571947,s3-eth1,6232678.00,136092.00,6368770.00,136092,6232678,4123.00,2062.00,6185.00,2062,4123,0.00,0.00,0,0
1514571947,s3-eth2,136092.00,6232678.00,6368770.00,6232678,136092,2062.00,4123.00,6185.00,4123,2062,0.00,0.00,0,0
1514571947,eth0,0.00,0.00,0.00,0,0,0.00,0.00,0.00,0,0,0.00,0.00,0,0
1514571947,lo,0.00,0.00,0.00,0,0,0.00,0.00,0.00,0,0,0.00,0.00,0,0
1514571947,total,19103282.00,19104730.00,38208012.00,19104730,19103282,18553.00,18553.00,37106.00,18553,18553,0.00,0.00,0,0
1514571948,s1-eth1,6186328.00,135036.00,6321364.00,135036,6186328,4092.00,2046.00,6138.00,2046,4092,0.00,0.00,0,0
1514571948,s1-eth2,134970.00,6187842.00,6322812.00,6187842,134970,2045.00,4093.00,6138.00,4093,2045,0.00,0.00,0,0
1514571948,s2-eth1,6187842.00,134970.00,6322812.00,134970,6187842,4093.00,2045.00,6138.00,2045,4093,0.00,0.00,0,0
1514571948,s2-eth2,135036.00,6183300.00,6318336.00,6183300,135036,2046.00,4090.00,6136.00,4090,2046,0.00,0.00,0,0
1514571948,s3-eth1,6183300.00,135036.00,6318336.00,135036,6183300,4090.00,2046.00,6136.00,2046,4090,0.00,0.00,0,0
1514571948,s3-eth2,135036.00,6178992.00,6314028.00,6178992,135036,2046.00,4088.00,6134.00,4088,2046,0.00,0.00,0,0
1514571948,eth0,0.00,0.00,0.00,0,0,0.00,0.00,0.00,0,0,0.00,0.00,0,0
1514571948,lo,0.00,0.00,0.00,0,0,0.00,0.00,0.00,0,0,0.00,0.00,0,0
1514571948,total,18962512.00,18955176.00,37917688.00,18955176,18962512,18412.00,18408.00,36820.00,18408,18412,0.00,0.00,0,0
1514571949,s1-eth1,6251664.00,136488.00,6388152.00,136488,6251664,4136.00,2068.00,6204.00,2068,4136,0.00,0.00,0,0
1514571949,s1-eth2,136488.00,6251664.00,6388152.00,6251664,136488,2068.00,4136.00,6204.00,4136,2068,0.00,0.00,0,0
1514571949,s2-eth1,6251664.00,136488.00,6388152.00,136488,6251664,4136.00,2068.00,6204.00,2068,4136,0.00,0.00,0,0
1514571949,s2-eth2,136488.00,6251664.00,6388152.00,6251664,136488,2068.00,4136.00,6204.00,4136,2068,0.00,0.00,0,0
1514571949,s3-eth1,6251664.00,136488.00,6388152.00,136488,6251664,4136.00,2068.00,6204.00,2068,4136,0.00,0.00,0,0
1514571949,s3-eth2,136488.00,6251430.00,6387918.00,6251430,136488,2068.00,4135.00,6203.00,4135,2068,0.00,0.00,0,0
1514571949,eth0,0.00,0.00,0.00,0,0,0.00,0.00,0.00,0,0,0.00,0.00,0,0
1514571949,lo,0.00,0.00,0.00,0,0,0.00,0.00,0.00,0,0,0.00,0.00,0,0
1514571949,total,19164456.00,19164222.00,38328680.00,19164222,19164456,18612.00,18611.00,37223.00,18611,18612,0.00,0.00,0,0
1514571950,s1-eth1,6222334.00,135696.00,6358030.00,135696,6222334,4111.00,2056.00,6167.00,2056,4111,0.00,0.00,0,0
1514571950,s1-eth2,135696.00,6222568.00,6358264.00,6222568,135696,2056.00,4112.00,6168.00,4112,2056,0.00,0.00,0,0
1514571950,s2-eth1,6222568.00,135696.00,6358264.00,135696,6222568,4112.00,2056.00,6168.00,2056,4112,0.00,0.00,0,0
1514571950,s2-eth2,135696.00,6222568.00,6358264.00,6222568,135696,2056.00,4112.00,6168.00,4112,2056,0.00,0.00,0,0
1514571950,s3-eth1,6222568.00,135696.00,6358264.00,135696,6222568,4112.00,2056.00,6168.00,2056,4112,0.00,0.00,0,0
1514571950,s3-eth2,135696.00,6222568.00,6358264.00,6222568,135696,2056.00,4112.00,6168.00,4112,2056,0.00,0.00,0,0
1514571950,eth0,0.00,0.00,0.00,0,0,0.00,0.00,0.00,0,0,0.00,0.00,0,0
1514571950,lo,516.00,516.00,1032.00,516,516,9.00,9.00,18.00,9,9,0.00,0.00,0,0
1514571950,total,19075074.00,19075308.00,38150384.00,19075308,19075074,18512.00,18513.00,37025.00,18513,18512,0.00,0.00,0,0
1514571951,s1-eth1,6223898.00,135894.00,6359792.00,135894,6223898,4117.00,2059.00,6176.00,2059,4117,0.00,0.00,0,0
1514571951,s1-eth2,135894.00,6223664.00,6359558.00,6223664,135894,2059.00,4116.00,6175.00,4116,2059,0.00,0.00,0,0
1514571951,s2-eth1,6223664.00,135894.00,6359558.00,135894,6223664,4116.00,2059.00,6175.00,2059,4116,0.00,0.00,0,0
1514571951,s2-eth2,135828.00,6223664.00,6359492.00,6223664,135828,2058.00,4116.00,6174.00,4116,2058,0.00,0.00,0,0
1514571951,s3-eth1,6223664.00,135828.00,6359492.00,135828,6223664,4116.00,2058.00,6174.00,2058,4116,0.00,0.00,0,0
1514571951,s3-eth2,135828.00,6223664.00,6359492.00,6223664,135828,2058.00,4116.00,6174.00,4116,2058,0.00,0.00,0,0
1514571951,eth0,0.00,0.00,0.00,0,0,0.00,0.00,0.00,0,0,0.00,0.00,0,0
1514571951,lo,0.00,0.00,0.00,0,0,0.00,0.00,0.00,0,0,0.00,0.00,0,0
1514571951,total,19078776.00,19078608.00,38157384.00,19078608,19078776,18524.00,18524.00,37048.00,18524,18524,0.00,0.00,0,0
1514571952,s1-eth1,6222274.00,135696.00,6357970.00,135696,6222274,4113.00,2056.00,6169.00,2056,4113,0.00,0.00,0,0
1514571952,s1-eth2,135696.00,6222274.00,6357970.00,6222274,135696,2056.00,4113.00,6169.00,4113,2056,0.00,0.00,0,0
1514571952,s2-eth1,6222274.00,135696.00,6357970.00,135696,6222274,4113.00,2056.00,6169.00,2056,4113,0.00,0.00,0,0
1514571952,s2-eth2,135762.00,6222274.00,6358036.00,6222274,135762,2057.00,4113.00,6170.00,4113,2057,0.00,0.00,0,0
1514571952,s3-eth1,6222274.00,135762.00,6358036.00,135762,6222274,4113.00,2057.00,6170.00,2057,4113,0.00,0.00,0,0
1514571952,s3-eth2,135762.00,6222274.00,6358036.00,6222274,135762,2057.00,4113.00,6170.00,4113,2057,0.00,0.00,0,0
1514571952,eth0,0.00,0.00,0.00,0,0,0.00,0.00,0.00,0,0,0.00,0.00,0,0
1514571952,lo,0.00,0.00,0.00,0,0,0.00,0.00,0.00,0,0,0.00,0.00,0,0
1514571952,total,19074042.00,19073976.00,38148016.00,19073976,19074042,18509.00,18508.00,37017.00,18508,18509,0.00,0.00,0,0
1514571953,s1-eth1,6221384.00,135828.00,6357212.00,135828,6221384,4116.00,2058.00,6174.00,2058,4116,0.00,0.00,0,0
1514571953,s1-eth2,135894.00,6218356.00,6354250.00,6218356,135894,2059.00,4114.00,6173.00,4114,2059,0.00,0.00,0,0
1514571953,s2-eth1,6218356.00,135894.00,6354250.00,135894,6218356,4114.00,2059.00,6173.00,2059,4114,0.00,0.00,0,0
1514571953,s2-eth2,135762.00,6225926.00,6361688.00,6225926,135762,2057.00,4119.00,6176.00,4119,2057,0.00,0.00,0,0
1514571953,s3-eth1,6225926.00,135762.00,6361688.00,135762,6225926,4119.00,2057.00,6176.00,2057,4119,0.00,0.00,0,0
1514571953,s3-eth2,135828.00,6225926.00,6361754.00,6225926,135828,2058.00,4119.00,6177.00,4119,2058,0.00,0.00,0,0
1514571953,eth0,0.00,0.00,0.00,0,0,0.00,0.00,0.00,0,0,0.00,0.00,0,0
1514571953,lo,0.00,0.00,0.00,0,0,0.00,0.00,0.00,0,0,0.00,0.00,0,0
1514571953,total,19073150.00,19077692.00,38150840.00,19077692,19073150,18523.00,18526.00,37049.00,18526,18523,0.00,0.00,0,0
1514571954,s1-eth1,6242524.00,136356.00,6378880.00,136356,6242524,4130.00,2066.00,6196.00,2066,4130,0.00,0.00,0,0
1514571954,s1-eth2,136224.00,6242524.00,6378748.00,6242524,136224,2064.00,4130.00,6194.00,4130,2064,0.00,0.00,0,0
1514571954,s2-eth1,6242524.00,136224.00,6378748.00,136224,6242524,4130.00,2064.00,6194.00,2064,4130,0.00,0.00,0,0
1514571954,s2-eth2,136290.00,6242524.00,6378814.00,6242524,136290,2065.00,4130.00,6195.00,4130,2065,0.00,0.00,0,0
1514571954,s3-eth1,6242524.00,136290.00,6378814.00,136290,6242524,4130.00,2065.00,6195.00,2065,4130,0.00,0.00,0,0
1514571954,s3-eth2,136290.00,6242524.00,6378814.00,6242524,136290,2065.00,4130.00,6195.00,4130,2065,0.00,0.00,0,0
1514571954,eth0,0.00,0.00,0.00,0,0,0.00,0.00,0.00,0,0,0.00,0.00,0,0
1514571954,lo,0.00,0.00,0.00,0,0,0.00,0.00,0.00,0,0,0.00,0.00,0,0
1514571954,total,19136376.00,19136442.00,38272816.00,19136442,19136376,18584.00,18585.00,37169.00,18585,18584,0.00,0.00,0,0
1514571955,s1-eth1,6242666.00,136752.00,6379418.00,136752,6242666,4133.00,2072.00,6205.00,2072,4133,0.00,0.00,0,0
1514571955,s1-eth2,136818.00,6242666.00,6379484.00,6242666,136818,2073.00,4133.00,6206.00,4133,2073,0.00,0.00,0,0
1514571955,s2-eth1,6242666.00,136818.00,6379484.00,136818,6242666,4133.00,2073.00,6206.00,2073,4133,0.00,0.00,0,0
1514571955,s2-eth2,136818.00,6242666.00,6379484.00,6242666,136818,2073.00,4133.00,6206.00,4133,2073,0.00,0.00,0,0
1514571955,s3-eth1,6242666.00,136818.00,6379484.00,136818,6242666,4133.00,2073.00,6206.00,2073,4133,0.00,0.00,0,0
1514571955,s3-eth2,136752.00,6242666.00,6379418.00,6242666,136752,2072.00,4133.00,6205.00,4133,2072,0.00,0.00,0,0
1514571955,eth0,0.00,0.00,0.00,0,0,0.00,0.00,0.00,0,0,0.00,0.00,0,0
1514571955,lo,516.00,516.00,1032.00,516,516,9.00,9.00,18.00,9,9,0.00,0.00,0,0
1514571955,total,19138902.00,19138902.00,38277804.00,19138902,19138902,18626.00,18626.00,37252.00,18626,18626,0.00,0.00,0,0
1514571956,s1-eth1,6224766.00,135828.00,6360594.00,135828,6224766,4115.00,2058.00,6173.00,2058,4115,0.00,0.00,0,0
1514571956,s1-eth2,135828.00,6224766.00,6360594.00,6224766,135828,2058.00,4115.00,6173.00,4115,2058,0.00,0.00,0,0
1514571956,s2-eth1,6224766.00,135828.00,6360594.00,135828,6224766,4115.00,2058.00,6173.00,2058,4115,0.00,0.00,0,0
1514571956,s2-eth2,135828.00,6224766.00,6360594.00,6224766,135828,2058.00,4115.00,6173.00,4115,2058,0.00,0.00,0,0
1514571956,s3-eth1,6224766.00,135828.00,6360594.00,135828,6224766,4115.00,2058.00,6173.00,2058,4115,0.00,0.00,0,0
1514571956,s3-eth2,135894.00,6224766.00,6360660.00,6224766,135894,2059.00,4115.00,6174.00,4115,2059,0.00,0.00,0,0
1514571956,eth0,60.00,60.00,120.00,60,60,1.00,1.00,2.00,1,1,0.00,0.00,0,0
1514571956,lo,0.00,0.00,0.00,0,0,0.00,0.00,0.00,0,0,0.00,0.00,0,0
1514571956,total,19081908.00,19081842.00,38163752.00,19081842,19081908,18521.00,18520.00,37041.00,18520,18521,0.00,0.00,0,0
1514571957,s1-eth1,6242602.00,136224.00,6378826.00,136224,6242602,4129.00,2064.00,6193.00,2064,4129,0.00,0.00,0,0
1514571957,s1-eth2,136224.00,6242602.00,6378826.00,6242602,136224,2064.00,4129.00,6193.00,4129,2064,0.00,0.00,0,0
1514571957,s2-eth1,6242602.00,136224.00,6378826.00,136224,6242602,4129.00,2064.00,6193.00,2064,4129,0.00,0.00,0,0
1514571957,s2-eth2,136290.00,6242602.00,6378892.00,6242602,136290,2065.00,4129.00,6194.00,4129,2065,0.00,0.00,0,0
1514571957,s3-eth1,6242602.00,136290.00,6378892.00,136290,6242602,4129.00,2065.00,6194.00,2065,4129,0.00,0.00,0,0
1514571957,s3-eth2,136224.00,6242602.00,6378826.00,6242602,136224,2064.00,4129.00,6193.00,4129,2064,0.00,0.00,0,0
1514571957,eth0,0.00,0.00,0.00,0,0,0.00,0.00,0.00,0,0,0.00,0.00,0,0
1514571957,lo,0.00,0.00,0.00,0,0,0.00,0.00,0.00,0,0,0.00,0.00,0,0
1514571957,total,19136544.00,19136544.00,38273088.00,19136544,19136544,18580.00,18580.00,37160.00,18580,18580,0.00,0.00,0,0
1514571958,s1-eth1,6242346.00,136290.00,6378636.00,136290,6242346,4129.00,2065.00,6194.00,2065,4129,0.00,0.00,0,0
1514571958,s1-eth2,136356.00,6240832.00,6377188.00,6240832,136356,2066.00,4128.00,6194.00,4128,2066,0.00,0.00,0,0
1514571958,s2-eth1,6240832.00,136356.00,6377188.00,136356,6240832,4128.00,2066.00,6194.00,2066,4128,0.00,0.00,0,0
1514571958,s2-eth2,136290.00,6242346.00,6378636.00,6242346,136290,2065.00,4129.00,6194.00,4129,2065,0.00,0.00,0,0
1514571958,s3-eth1,6242346.00,136290.00,6378636.00,136290,6242346,4129.00,2065.00,6194.00,2065,4129,0.00,0.00,0,0
1514571958,s3-eth2,136290.00,6242346.00,6378636.00,6242346,136290,2065.00,4129.00,6194.00,4129,2065,0.00,0.00,0,0
1514571958,eth0,0.00,60.00,60.00,60,0,0.00,1.00,1.00,1,0,0.00,0.00,0,0
1514571958,lo,0.00,0.00,0.00,0,0,0.00,0.00,0.00,0,0,0.00,0.00,0,0
1514571958,total,19134460.00,19134520.00,38268980.00,19134520,19134460,18582.00,18583.00,37165.00,18583,18582,0.00,0.00,0,0
1514571959,s1-eth1,6233506.00,136290.00,6369796.00,136290,6233506,4125.00,2065.00,6190.00,2065,4125,0.00,0.00,0,0
1514571959,s1-eth2,136224.00,6233506.00,6369730.00,6233506,136224,2064.00,4125.00,6189.00,4125,2064,0.00,0.00,0,0
1514571959,s2-eth1,6233506.00,136224.00,6369730.00,136224,6233506,4125.00,2064.00,6189.00,2064,4125,0.00,0.00,0,0
1514571959,s2-eth2,136224.00,6233684.00,6369908.00,6233684,136224,2064.00,4126.00,6190.00,4126,2064,0.00,0.00,0,0
1514571959,s3-eth1,6233684.00,136224.00,6369908.00,136224,6233684,4126.00,2064.00,6190.00,2064,4126,0.00,0.00,0,0
1514571959,s3-eth2,136290.00,6233684.00,6369974.00,6233684,136290,2065.00,4126.00,6191.00,4126,2065,0.00,0.00,0,0
1514571959,eth0,0.00,0.00,0.00,0,0,0.00,0.00,0.00,0,0,0.00,0.00,0,0
1514571959,lo,0.00,0.00,0.00,0,0,0.00,0.00,0.00,0,0,0.00,0.00,0,0
1514571959,total,19109434.00,19109612.00,38219048.00,19109612,19109434,18569.00,18570.00,37139.00,18570,18569,0.00,0.00,0,0
1514571960,s1-eth1,6240244.00,136398.00,6376642.00,136398,6240244,4130.00,2067.00,6197.00,2067,4130,0.00,0.00,0,0
1514571960,s1-eth2,136398.00,6243506.00,6379904.00,6243506,136398,2067.00,4133.00,6200.00,4133,2067,0.00,0.00,0,0
1514571960,s2-eth1,6243506.00,136398.00,6379904.00,136398,6243506,4133.00,2067.00,6200.00,2067,4133,0.00,0.00,0,0
1514571960,s2-eth2,136464.00,6241814.00,6378278.00,6241814,136464,2068.00,4131.00,6199.00,4131,2068,0.00,0.00,0,0
1514571960,s3-eth1,6241814.00,136464.00,6378278.00,136464,6241814,4131.00,2068.00,6199.00,2068,4131,0.00,0.00,0,0
1514571960,s3-eth2,136398.00,6243328.00,6379726.00,6243328,136398,2067.00,4132.00,6199.00,4132,2067,0.00,0.00,0,0
1514571960,eth0,0.00,0.00,0.00,0,0,0.00,0.00,0.00,0,0,0.00,0.00,0,0
1514571960,lo,1404.00,1404.00,2808.00,1404,1404,18.00,18.00,36.00,18,18,0.00,0.00,0,0
1514571960,total,19136228.00,19139312.00,38275540.00,19139312,19136228,18614.00,18616.00,37230.00,18616,18614,0.00,0.00,0,0
1514571961,s1-eth1,6236524.00,136224.00,6372748.00,136224,6236524,4126.00,2064.00,6190.00,2064,4126,0.00,0.00,0,0
1514571961,s1-eth2,136290.00,6237804.00,6374094.00,6237804,136290,2065.00,4126.00,6191.00,4126,2065,0.00,0.00,0,0
1514571961,s2-eth1,6237804.00,136290.00,6374094.00,136290,6237804,4126.00,2065.00,6191.00,2065,4126,0.00,0.00,0,0
1514571961,s2-eth2,136224.00,6237804.00,6374028.00,6237804,136224,2064.00,4126.00,6190.00,4126,2064,0.00,0.00,0,0
1514571961,s3-eth1,6237804.00,136224.00,6374028.00,136224,6237804,4126.00,2064.00,6190.00,2064,4126,0.00,0.00,0,0
1514571961,s3-eth2,136224.00,6239318.00,6375542.00,6239318,136224,2064.00,4127.00,6191.00,4127,2064,0.00,0.00,0,0
1514571961,eth0,0.00,0.00,0.00,0,0,0.00,0.00,0.00,0,0,0.00,0.00,0,0
1514571961,lo,0.00,0.00,0.00,0,0,0.00,0.00,0.00,0,0,0.00,0.00,0,0
1514571961,total,19120870.00,19123664.00,38244536.00,19123664,19120870,18571.00,18572.00,37143.00,18572,18571,0.00,0.00,0,0
1514571962,s1-eth1,6224082.00,135762.00,6359844.00,135762,6224082,4113.00,2057.00,6170.00,2057,4113,0.00,0.00,0,0
1514571962,s1-eth2,135696.00,6224082.00,6359778.00,6224082,135696,2056.00,4113.00,6169.00,4113,2056,0.00,0.00,0,0
1514571962,s2-eth1,6224082.00,135696.00,6359778.00,135696,6224082,4113.00,2056.00,6169.00,2056,4113,0.00,0.00,0,0
1514571962,s2-eth2,135696.00,6224082.00,6359778.00,6224082,135696,2056.00,4113.00,6169.00,4113,2056,0.00,0.00,0,0
1514571962,s3-eth1,6224082.00,135696.00,6359778.00,135696,6224082,4113.00,2056.00,6169.00,2056,4113,0.00,0.00,0,0
1514571962,s3-eth2,135696.00,6222568.00,6358264.00,6222568,135696,2056.00,4112.00,6168.00,4112,2056,0.00,0.00,0,0
1514571962,eth0,0.00,0.00,0.00,0,0,0.00,0.00,0.00,0,0,0.00,0.00,0,0
1514571962,lo,0.00,0.00,0.00,0,0,0.00,0.00,0.00,0,0,0.00,0.00,0,0
1514571962,total,19079334.00,19077886.00,38157220.00,19077886,19079334,18507.00,18507.00,37014.00,18507,18507,0.00,0.00,0,0
1514571963,s1-eth1,6242346.00,136290.00,6378636.00,136290,6242346,4129.00,2065.00,6194.00,2065,4129,0.00,0.00,0,0
1514571963,s1-eth2,136290.00,6242346.00,6378636.00,6242346,136290,2065.00,4129.00,6194.00,4129,2065,0.00,0.00,0,0
1514571963,s2-eth1,6242346.00,136290.00,6378636.00,136290,6242346,4129.00,2065.00,6194.00,2065,4129,0.00,0.00,0,0
1514571963,s2-eth2,136290.00,6242346.00,6378636.00,6242346,136290,2065.00,4129.00,6194.00,4129,2065,0.00,0.00,0,0
1514571963,s3-eth1,6242346.00,136290.00,6378636.00,136290,6242346,4129.00,2065.00,6194.00,2065,4129,0.00,0.00,0,0
1514571963,s3-eth2,136356.00,6242346.00,6378702.00,6242346,136356,2066.00,4129.00,6195.00,4129,2066,0.00,0.00,0,0
1514571963,eth0,0.00,0.00,0.00,0,0,0.00,0.00,0.00,0,0,0.00,0.00,0,0
1514571963,lo,0.00,0.00,0.00,0,0,0.00,0.00,0.00,0,0,0.00,0.00,0,0
1514571963,total,19135974.00,19135908.00,38271880.00,19135908,19135974,18583.00,18582.00,37165.00,18582,18583,0.00,0.00,0,0
1514571964,s1-eth1,6241838.00,136356.00,6378194.00,136356,6241838,4131.00,2066.00,6197.00,2066,4131,0.00,0.00,0,0
1514571964,s1-eth2,136422.00,6240324.00,6376746.00,6240324,136422,2067.00,4130.00,6197.00,4130,2067,0.00,0.00,0,0
1514571964,s2-eth1,6240324.00,136422.00,6376746.00,136422,6240324,4130.00,2067.00,6197.00,2067,4130,0.00,0.00,0,0
1514571964,s2-eth2,136422.00,6240324.00,6376746.00,6240324,136422,2067.00,4130.00,6197.00,4130,2067,0.00,0.00,0,0
1514571964,s3-eth1,6240324.00,136422.00,6376746.00,136422,6240324,4130.00,2067.00,6197.00,2067,4130,0.00,0.00,0,0
1514571964,s3-eth2,136356.00,6240558.00,6376914.00,6240558,136356,2066.00,4131.00,6197.00,4131,2066,0.00,0.00,0,0
1514571964,eth0,0.00,0.00,0.00,0,0,0.00,0.00,0.00,0,0,0.00,0.00,0,0
1514571964,lo,0.00,0.00,0.00,0,0,0.00,0.00,0.00,0,0,0.00,0.00,0,0
1514571964,total,19131686.00,19130406.00,38262092.00,19130406,19131686,18591.00,18591.00,37182.00,18591,18591,0.00,0.00,0,0
1514571965,s1-eth1,6242580.00,136290.00,6378870.00,136290,6242580,4130.00,2065.00,6195.00,2065,4130,0.00,0.00,0,0
1514571965,s1-eth2,136224.00,6242580.00,6378804.00,6242580,136224,2064.00,4130.00,6194.00,4130,2064,0.00,0.00,0,0
1514571965,s2-eth1,6242580.00,136224.00,6378804.00,136224,6242580,4130.00,2064.00,6194.00,2064,4130,0.00,0.00,0,0
1514571965,s2-eth2,136290.00,6242580.00,6378870.00,6242580,136290,2065.00,4130.00,6195.00,4130,2065,0.00,0.00,0,0
1514571965,s3-eth1,6242580.00,136290.00,6378870.00,136290,6242580,4130.00,2065.00,6195.00,2065,4130,0.00,0.00,0,0
1514571965,s3-eth2,136290.00,6242346.00,6378636.00,6242346,136290,2065.00,4129.00,6194.00,4129,2065,0.00,0.00,0,0
1514571965,eth0,0.00,0.00,0.00,0,0,0.00,0.00,0.00,0,0,0.00,0.00,0,0
1514571965,lo,516.00,516.00,1032.00,516,516,9.00,9.00,18.00,9,9,0.00,0.00,0,0
1514571965,total,19137060.00,19136826.00,38273888.00,19136826,19137060,18593.00,18592.00,37185.00,18592,18593,0.00,0.00,0,0
1514571966,s1-eth1,6251430.00,136488.00,6387918.00,136488,6251430,4135.00,2068.00,6203.00,2068,4135,0.00,0.00,0,0
1514571966,s1-eth2,136488.00,6251664.00,6388152.00,6251664,136488,2068.00,4136.00,6204.00,4136,2068,0.00,0.00,0,0
1514571966,s2-eth1,6251664.00,136488.00,6388152.00,136488,6251664,4136.00,2068.00,6204.00,2068,4136,0.00,0.00,0,0
1514571966,s2-eth2,136422.00,6251664.00,6388086.00,6251664,136422,2067.00,4136.00,6203.00,4136,2067,0.00,0.00,0,0
1514571966,s3-eth1,6251664.00,136422.00,6388086.00,136422,6251664,4136.00,2067.00,6203.00,2067,4136,0.00,0.00,0,0
1514571966,s3-eth2,136488.00,6251664.00,6388152.00,6251664,136488,2068.00,4136.00,6204.00,4136,2068,0.00,0.00,0,0
1514571966,eth0,0.00,0.00,0.00,0,0,0.00,0.00,0.00,0,0,0.00,0.00,0,0
1514571966,lo,0.00,0.00,0.00,0,0,0.00,0.00,0.00,0,0,0.00,0.00,0,0
1514571966,total,19164156.00,19164390.00,38328544.00,19164390,19164156,18610.00,18611.00,37221.00,18611,18610,0.00,0.00,0,0
1514571967,s1-eth1,6242580.00,136290.00,6378870.00,136290,6242580,4130.00,2065.00,6195.00,2065,4130,0.00,0.00,0,0
1514571967,s1-eth2,136290.00,6242346.00,6378636.00,6242346,136290,2065.00,4129.00,6194.00,4129,2065,0.00,0.00,0,0
1514571967,s2-eth1,6242346.00,136290.00,6378636.00,136290,6242346,4129.00,2065.00,6194.00,2065,4129,0.00,0.00,0,0
1514571967,s2-eth2,136290.00,6242346.00,6378636.00,6242346,136290,2065.00,4129.00,6194.00,4129,2065,0.00,0.00,0,0
1514571967,s3-eth1,6242346.00,136290.00,6378636.00,136290,6242346,4129.00,2065.00,6194.00,2065,4129,0.00,0.00,0,0
1514571967,s3-eth2,136290.00,6242346.00,6378636.00,6242346,136290,2065.00,4129.00,6194.00,4129,2065,0.00,0.00,0,0
1514571967,eth0,0.00,0.00,0.00,0,0,0.00,0.00,0.00,0,0,0.00,0.00,0,0
1514571967,lo,0.00,0.00,0.00,0,0,0.00,0.00,0.00,0,0,0.00,0.00,0,0
1514571967,total,19136142.00,19135908.00,38272048.00,19135908,19136142,18583.00,18582.00,37165.00,18582,18583,0.00,0.00,0,0
1514571968,s1-eth1,6106990.00,133122.00,6240112.00,133122,6106990,4035.00,2017.00,6052.00,2017,4035,0.00,0.00,0,0
1514571968,s1-eth2,133122.00,6106990.00,6240112.00,6106990,133122,2017.00,4035.00,6052.00,4035,2017,0.00,0.00,0,0
1514571968,s2-eth1,6106990.00,133122.00,6240112.00,133122,6106990,4035.00,2017.00,6052.00,2017,4035,0.00,0.00,0,0
1514571968,s2-eth2,133122.00,6105476.00,6238598.00,6105476,133122,2017.00,4034.00,6051.00,4034,2017,0.00,0.00,0,0
1514571968,s3-eth1,6105476.00,133122.00,6238598.00,133122,6105476,4034.00,2017.00,6051.00,2017,4034,0.00,0.00,0,0
1514571968,s3-eth2,133056.00,6108504.00,6241560.00,6108504,133056,2016.00,4036.00,6052.00,4036,2016,0.00,0.00,0,0
1514571968,eth0,0.00,0.00,0.00,0,0,0.00,0.00,0.00,0,0,0.00,0.00,0,0
1514571968,lo,0.00,0.00,0.00,0,0,0.00,0.00,0.00,0,0,0.00,0.00,0,0
1514571968,total,18718756.00,18720336.00,37439092.00,18720336,18718756,18154.00,18156.00,36310.00,18156,18154,0.00,0.00,0,0
1514571969,s1-eth1,6241768.00,136092.00,6377860.00,136092,6241768,4124.00,2062.00,6186.00,2062,4124,0.00,0.00,0,0
1514571969,s1-eth2,136158.00,6241768.00,6377926.00,6241768,136158,2063.00,4124.00,6187.00,4124,2063,0.00,0.00,0,0
1514571969,s2-eth1,6241768.00,136158.00,6377926.00,136158,6241768,4124.00,2063.00,6187.00,2063,4124,0.00,0.00,0,0
1514571969,s2-eth2,136158.00,6241768.00,6377926.00,6241768,136158,2063.00,4124.00,6187.00,4124,2063,0.00,0.00,0,0
1514571969,s3-eth1,6241768.00,136158.00,6377926.00,136158,6241768,4124.00,2063.00,6187.00,2063,4124,0.00,0.00,0,0
1514571969,s3-eth2,136158.00,6241768.00,6377926.00,6241768,136158,2063.00,4124.00,6187.00,4124,2063,0.00,0.00,0,0
1514571969,eth0,60.00,60.00,120.00,60,60,1.00,1.00,2.00,1,1,0.00,0.00,0,0
1514571969,lo,0.00,0.00,0.00,0,0,0.00,0.00,0.00,0,0,0.00,0.00,0,0
1514571969,total,19133838.00,19133772.00,38267608.00,19133772,19133838,18562.00,18561.00,37123.00,18561,18562,0.00,0.00,0,0
1514571970,s1-eth1,6224412.00,135828.00,6360240.00,135828,6224412,4118.00,2058.00,6176.00,2058,4118,0.00,0.00,0,0
1514571970,s1-eth2,135828.00,6224412.00,6360240.00,6224412,135828,2058.00,4118.00,6176.00,4118,2058,0.00,0.00,0,0
1514571970,s2-eth1,6224412.00,135828.00,6360240.00,135828,6224412,4118.00,2058.00,6176.00,2058,4118,0.00,0.00,0,0
1514571970,s2-eth2,135828.00,6224412.00,6360240.00,6224412,135828,2058.00,4118.00,6176.00,4118,2058,0.00,0.00,0,0
1514571970,s3-eth1,6224412.00,135828.00,6360240.00,135828,6224412,4118.00,2058.00,6176.00,2058,4118,0.00,0.00,0,0
1514571970,s3-eth2,135828.00,6224412.00,6360240.00,6224412,135828,2058.00,4118.00,6176.00,4118,2058,0.00,0.00,0,0
1514571970,eth0,0.00,60.00,60.00,60,0,0.00,1.00,1.00,1,0,0.00,0.00,0,0
1514571970,lo,516.00,516.00,1032.00,516,516,9.00,9.00,18.00,9,9,0.00,0.00,0,0
1514571970,total,19081236.00,19081296.00,38162532.00,19081296,19081236,18537.00,18538.00,37075.00,18538,18537,0.00,0.00,0,0
1514571971,s1-eth1,6193060.00,135168.00,6328228.00,135168,6193060,4094.00,2048.00,6142.00,2048,4094,0.00,0.00,0,0
1514571971,s1-eth2,135102.00,6194574.00,6329676.00,6194574,135102,2047.00,4095.00,6142.00,4095,2047,0.00,0.00,0,0
1514571971,s2-eth1,6194574.00,135102.00,6329676.00,135102,6194574,4095.00,2047.00,6142.00,2047,4095,0.00,0.00,0,0
1514571971,s2-eth2,135168.00,6194574.00,6329742.00,6194574,135168,2048.00,4095.00,6143.00,4095,2048,0.00,0.00,0,0
1514571971,s3-eth1,6194574.00,135168.00,6329742.00,135168,6194574,4095.00,2048.00,6143.00,2048,4095,0.00,0.00,0,0
1514571971,s3-eth2,135168.00,6194574.00,6329742.00,6194574,135168,2048.00,4095.00,6143.00,4095,2048,0.00,0.00,0,0
1514571971,eth0,0.00,0.00,0.00,0,0,0.00,0.00,0.00,0,0,0.00,0.00,0,0
1514571971,lo,0.00,0.00,0.00,0,0,0.00,0.00,0.00,0,0,0.00,0.00,0,0
1514571971,total,18987646.00,18989160.00,37976808.00,18989160,18987646,18427.00,18428.00,36855.00,18428,18427,0.00,0.00,0,0
1514571972,s1-eth1,6242346.00,136290.00,6378636.00,136290,6242346,4129.00,2065.00,6194.00,2065,4129,0.00,0.00,0,0
1514571972,s1-eth2,136290.00,6242346.00,6378636.00,6242346,136290,2065.00,4129.00,6194.00,4129,2065,0.00,0.00,0,0
1514571972,s2-eth1,6242346.00,136290.00,6378636.00,136290,6242346,4129.00,2065.00,6194.00,2065,4129,0.00,0.00,0,0
1514571972,s2-eth2,136290.00,6242346.00,6378636.00,6242346,136290,2065.00,4129.00,6194.00,4129,2065,0.00,0.00,0,0
1514571972,s3-eth1,6242346.00,136290.00,6378636.00,136290,6242346,4129.00,2065.00,6194.00,2065,4129,0.00,0.00,0,0
1514571972,s3-eth2,136290.00,6242346.00,6378636.00,6242346,136290,2065.00,4129.00,6194.00,4129,2065,0.00,0.00,0,0
1514571972,eth0,0.00,0.00,0.00,0,0,0.00,0.00,0.00,0,0,0.00,0.00,0,0
1514571972,lo,0.00,0.00,0.00,0,0,0.00,0.00,0.00,0,0,0.00,0.00,0,0
1514571972,total,19135908.00,19135908.00,38271816.00,19135908,19135908,18582.00,18582.00,37164.00,18582,18582,0.00,0.00,0,0
1514571973,s1-eth1,6241066.00,136290.00,6377356.00,136290,6241066,4129.00,2065.00,6194.00,2065,4129,0.00,0.00,0,0
1514571973,s1-eth2,136290.00,6241066.00,6377356.00,6241066,136290,2065.00,4129.00,6194.00,4129,2065,0.00,0.00,0,0
1514571973,s2-eth1,6241066.00,136290.00,6377356.00,136290,6241066,4129.00,2065.00,6194.00,2065,4129,0.00,0.00,0,0
1514571973,s2-eth2,136224.00,6241066.00,6377290.00,6241066,136224,2064.00,4129.00,6193.00,4129,2064,0.00,0.00,0,0
1514571973,s3-eth1,6241066.00,136224.00,6377290.00,136224,6241066,4129.00,2064.00,6193.00,2064,4129,0.00,0.00,0,0
1514571973,s3-eth2,136224.00,6241066.00,6377290.00,6241066,136224,2064.00,4129.00,6193.00,4129,2064,0.00,0.00,0,0
1514571973,eth0,0.00,0.00,0.00,0,0,0.00,0.00,0.00,0,0,0.00,0.00,0,0
1514571973,lo,0.00,0.00,0.00,0,0,0.00,0.00,0.00,0,0,0.00,0.00,0,0
1514571973,total,19131936.00,19132002.00,38263936.00,19132002,19131936,18580.00,18581.00,37161.00,18581,18580,0.00,0.00,0,0
1514571974,s1-eth1,6252944.00,136422.00,6389366.00,136422,6252944,4136.00,2067.00,6203.00,2067,4136,0.00,0.00,0,0
1514571974,s1-eth2,136488.00,6252944.00,6389432.00,6252944,136488,2068.00,4136.00,6204.00,4136,2068,0.00,0.00,0,0
1514571974,s2-eth1,6252944.00,136488.00,6389432.00,136488,6252944,4136.00,2068.00,6204.00,2068,4136,0.00,0.00,0,0
1514571974,s2-eth2,136488.00,6252944.00,6389432.00,6252944,136488,2068.00,4136.00,6204.00,4136,2068,0.00,0.00,0,0
1514571974,s3-eth1,6252944.00,136488.00,6389432.00,136488,6252944,4136.00,2068.00,6204.00,2068,4136,0.00,0.00,0,0
1514571974,s3-eth2,136488.00,6251664.00,6388152.00,6251664,136488,2068.00,4136.00,6204.00,4136,2068,0.00,0.00,0,0
1514571974,eth0,0.00,0.00,0.00,0,0,0.00,0.00,0.00,0,0,0.00,0.00,0,0
1514571974,lo,0.00,0.00,0.00,0,0,0.00,0.00,0.00,0,0,0.00,0.00,0,0
1514571974,total,19168296.00,19166950.00,38335248.00,19166950,19168296,18612.00,18611.00,37223.00,18611,18612,0.00,0.00,0,0
1514571975,s1-eth1,6242412.00,136422.00,6378834.00,136422,6242412,4130.00,2067.00,6197.00,2067,4130,0.00,0.00,0,0
1514571975,s1-eth2,136356.00,6242412.00,6378768.00,6242412,136356,2066.00,4130.00,6196.00,4130,2066,0.00,0.00,0,0
1514571975,s2-eth1,6242412.00,136356.00,6378768.00,136356,6242412,4130.00,2066.00,6196.00,2066,4130,0.00,0.00,0,0
1514571975,s2-eth2,136356.00,6242412.00,6378768.00,6242412,136356,2066.00,4130.00,6196.00,4130,2066,0.00,0.00,0,0
1514571975,s3-eth1,6242412.00,136356.00,6378768.00,136356,6242412,4130.00,2066.00,6196.00,2066,4130,0.00,0.00,0,0
1514571975,s3-eth2,136422.00,6242178.00,6378600.00,6242178,136422,2067.00,4129.00,6196.00,4129,2067,0.00,0.00,0,0
1514571975,eth0,0.00,0.00,0.00,0,0,0.00,0.00,0.00,0,0,0.00,0.00,0,0
1514571975,lo,516.00,516.00,1032.00,516,516,9.00,9.00,18.00,9,9,0.00,0.00,0,0
1514571975,total,19136886.00,19136652.00,38273536.00,19136652,19136886,18598.00,18597.00,37195.00,18597,18598,0.00,0.00,0,0
1514571976,s1-eth1,6214546.00,135498.00,6350044.00,135498,6214546,4109.00,2053.00,6162.00,2053,4109,0.00,0.00,0,0
1514571976,s1-eth2,135564.00,6213032.00,6348596.00,6213032,135564,2054.00,4108.00,6162.00,4108,2054,0.00,0.00,0,0
1514571976,s2-eth1,6213032.00,135564.00,6348596.00,135564,6213032,4108.00,2054.00,6162.00,2054,4108,0.00,0.00,0,0
1514571976,s2-eth2,135564.00,6214546.00,6350110.00,6214546,135564,2054.00,4109.00,6163.00,4109,2054,0.00,0.00,0,0
1514571976,s3-eth1,6214546.00,135564.00,6350110.00,135564,6214546,4109.00,2054.00,6163.00,2054,4109,0.00,0.00,0,0
1514571976,s3-eth2,135498.00,6216060.00,6351558.00,6216060,135498,2053.00,4110.00,6163.00,4110,2053,0.00,0.00,0,0
1514571976,eth0,0.00,0.00,0.00,0,0,0.00,0.00,0.00,0,0,0.00,0.00,0,0
1514571976,lo,0.00,0.00,0.00,0,0,0.00,0.00,0.00,0,0,0.00,0.00,0,0
1514571976,total,19048750.00,19050264.00,38099016.00,19050264,19048750,18487.00,18488.00,36975.00,18488,18487,0.00,0.00,0,0
1514571977,s1-eth1,1666599.50,37912.09,1704511.50,37950,1668266,1103.90,574.43,1678.32,575,1105,0.00,0.00,0,0
1514571977,s1-eth2,39230.77,1598537.50,1637768.25,1600136,39270,594.41,1058.94,1653.35,1060,595,0.00,0.00,0,0
1514571977,s2-eth1,1598537.50,39230.77,1637768.25,39270,1600136,1058.94,594.41,1653.35,595,1060,0.00,0.00,0,0
1514571977,s2-eth2,40615.39,1524425.62,1565041.00,1525950,40656,615.38,1009.99,1625.37,1011,616,0.00,0.00,0,0
1514571977,s3-eth1,1524425.62,40615.39,1565041.00,40656,1525950,1009.99,615.38,1625.37,616,1011,0.00,0.00,0,0
1514571977,s3-eth2,42000.00,1454851.25,1496851.25,1456306,42042,636.36,964.04,1600.40,965,637,0.00,0.00,0,0
1514571977,eth0,0.00,0.00,0.00,0,0,0.00,0.00,0.00,0,0,0.00,0.00,0,0
1514571977,lo,0.00,0.00,0.00,0,0,0.00,0.00,0.00,0,0,0.00,0.00,0,0
1514571977,total,4911408.50,4695572.50,9606981.00,4700268,4916320,5018.98,4817.18,9836.16,4822,5024,0.00,0.00,0,0
1514571978,s1-eth1,0.00,0.00,0.00,0,0,0.00,0.00,0.00,0,0,0.00,0.00,0,0
1514571978,s1-eth2,0.00,0.00,0.00,0,0,0.00,0.00,0.00,0,0,0.00,0.00,0,0
1514571978,s2-eth1,0.00,0.00,0.00,0,0,0.00,0.00,0.00,0,0,0.00,0.00,0,0
1514571978,s2-eth2,0.00,0.00,0.00,0,0,0.00,0.00,0.00,0,0,0.00,0.00,0,0
1514571978,s3-eth1,0.00,0.00,0.00,0,0,0.00,0.00,0.00,0,0,0.00,0.00,0,0
1514571978,s3-eth2,0.00,0.00,0.00,0,0,0.00,0.00,0.00,0,0,0.00,0.00,0,0
1514571978,eth0,0.00,0.00,0.00,0,0,0.00,0.00,0.00,0,0,0.00,0.00,0,0
1514571978,lo,0.00,0.00,0.00,0,0,0.00,0.00,0.00,0,0,0.00,0.00,0,0
1514571978,total,0.00,0.00,0.00,0,0,0.00,0.00,0.00,0,0,0.00,0.00,0,0
1514571979,s1-eth1,0.00,0.00,0.00,0,0,0.00,0.00,0.00,0,0,0.00,0.00,0,0
1514571979,s1-eth2,0.00,0.00,0.00,0,0,0.00,0.00,0.00,0,0,0.00,0.00,0,0
1514571979,s2-eth1,0.00,0.00,0.00,0,0,0.00,0.00,0.00,0,0,0.00,0.00,0,0
1514571979,s2-eth2,0.00,0.00,0.00,0,0,0.00,0.00,0.00,0,0,0.00,0.00,0,0
1514571979,s3-eth1,0.00,0.00,0.00,0,0,0.00,0.00,0.00,0,0,0.00,0.00,0,0
1514571979,s3-eth2,0.00,0.00,0.00,0,0,0.00,0.00,0.00,0,0,0.00,0.00,0,0
1514571979,eth0,0.00,0.00,0.00,0,0,0.00,0.00,0.00,0,0,0.00,0.00,0,0
1514571979,lo,0.00,0.00,0.00,0,0,0.00,0.00,0.00,0,0,0.00,0.00,0,0
1514571979,total,0.00,0.00,0.00,0,0,0.00,0.00,0.00,0,0,0.00,0.00,0,0
1514571980,s1-eth1,0.00,0.00,0.00,0,0,0.00,0.00,0.00,0,0,0.00,0.00,0,0
1514571980,s1-eth2,0.00,0.00,0.00,0,0,0.00,0.00,0.00,0,0,0.00,0.00,0,0
1514571980,s2-eth1,0.00,0.00,0.00,0,0,0.00,0.00,0.00,0,0,0.00,0.00,0,0
1514571980,s2-eth2,0.00,0.00,0.00,0,0,0.00,0.00,0.00,0,0,0.00,0.00,0,0
1514571980,s3-eth1,0.00,0.00,0.00,0,0,0.00,0.00,0.00,0,0,0.00,0.00,0,0
1514571980,s3-eth2,0.00,0.00,0.00,0,0,0.00,0.00,0.00,0,0,0.00,0.00,0,0
1514571980,eth0,0.00,0.00,0.00,0,0,0.00,0.00,0.00,0,0,0.00,0.00,0,0
1514571980,lo,516.00,516.00,1032.00,516,516,9.00,9.00,18.00,9,9,0.00,0.00,0,0
1514571980,total,516.00,516.00,1032.00,516,516,9.00,9.00,18.00,9,9,0.00,0.00,0,0
1514571981,s1-eth1,0.00,0.00,0.00,0,0,0.00,0.00,0.00,0,0,0.00,0.00,0,0
1514571981,s1-eth2,0.00,0.00,0.00,0,0,0.00,0.00,0.00,0,0,0.00,0.00,0,0
1514571981,s2-eth1,0.00,0.00,0.00,0,0,0.00,0.00,0.00,0,0,0.00,0.00,0,0
1514571981,s2-eth2,0.00,0.00,0.00,0,0,0.00,0.00,0.00,0,0,0.00,0.00,0,0
1514571981,s3-eth1,0.00,0.00,0.00,0,0,0.00,0.00,0.00,0,0,0.00,0.00,0,0
1514571981,s3-eth2,0.00,0.00,0.00,0,0,0.00,0.00,0.00,0,0,0.00,0.00,0,0
1514571981,eth0,0.00,0.00,0.00,0,0,0.00,0.00,0.00,0,0,0.00,0.00,0,0
1514571981,lo,0.00,0.00,0.00,0,0,0.00,0.00,0.00,0,0,0.00,0.00,0,0
1514571981,total,0.00,0.00,0.00,0,0,0.00,0.00,0.00,0,0,0.00,0.00,0,0
1514571982,s1-eth1,0.00,0.00,0.00,0,0,0.00,0.00,0.00,0,0,0.00,0.00,0,0
1514571982,s1-eth2,0.00,0.00,0.00,0,0,0.00,0.00,0.00,0,0,0.00,0.00,0,0
1514571982,s2-eth1,0.00,0.00,0.00,0,0,0.00,0.00,0.00,0,0,0.00,0.00,0,0
1514571982,s2-eth2,0.00,0.00,0.00,0,0,0.00,0.00,0.00,0,0,0.00,0.00,0,0
1514571982,s3-eth1,0.00,0.00,0.00,0,0,0.00,0.00,0.00,0,0,0.00,0.00,0,0
1514571982,s3-eth2,0.00,0.00,0.00,0,0,0.00,0.00,0.00,0,0,0.00,0.00,0,0
1514571982,eth0,60.00,60.00,120.00,60,60,1.00,1.00,2.00,1,1,0.00,0.00,0,0
1514571982,lo,0.00,0.00,0.00,0,0,0.00,0.00,0.00,0,0,0.00,0.00,0,0
1514571982,total,60.00,60.00,120.00,60,60,1.00,1.00,2.00,1,1,0.00,0.00,0,0
1514571983,s1-eth1,0.00,0.00,0.00,0,0,0.00,0.00,0.00,0,0,0.00,0.00,0,0
1514571983,s1-eth2,0.00,0.00,0.00,0,0,0.00,0.00,0.00,0,0,0.00,0.00,0,0
1514571983,s2-eth1,0.00,0.00,0.00,0,0,0.00,0.00,0.00,0,0,0.00,0.00,0,0
1514571983,s2-eth2,0.00,0.00,0.00,0,0,0.00,0.00,0.00,0,0,0.00,0.00,0,0
1514571983,s3-eth1,0.00,0.00,0.00,0,0,0.00,0.00,0.00,0,0,0.00,0.00,0,0
1514571983,s3-eth2,0.00,0.00,0.00,0,0,0.00,0.00,0.00,0,0,0.00,0.00,0,0
1514571983,eth0,0.00,60.00,60.00,60,0,0.00,1.00,1.00,1,0,0.00,0.00,0,0
1514571983,lo,0.00,0.00,0.00,0,0,0.00,0.00,0.00,0,0,0.00,0.00,0,0
1514571983,total,0.00,60.00,60.00,60,0,0.00,1.00,1.00,1,0,0.00,0.00,0,0
1514571984,s1-eth1,0.00,0.00,0.00,0,0,0.00,0.00,0.00,0,0,0.00,0.00,0,0
1514571984,s1-eth2,0.00,0.00,0.00,0,0,0.00,0.00,0.00,0,0,0.00,0.00,0,0
1514571984,s2-eth1,0.00,0.00,0.00,0,0,0.00,0.00,0.00,0,0,0.00,0.00,0,0
1514571984,s2-eth2,0.00,0.00,0.00,0,0,0.00,0.00,0.00,0,0,0.00,0.00,0,0
1514571984,s3-eth1,0.00,0.00,0.00,0,0,0.00,0.00,0.00,0,0,0.00,0.00,0,0
1514571984,s3-eth2,0.