1514570436,s1-eth1,0.00,0.00,0.00,0,0,0.00,0.00,0.00,0,0,0.00,0.00,0,0
1514570436,s1-eth2,0.00,0.00,0.00,0,0,0.00,0.00,0.00,0,0,0.00,0.00,0,0
1514570436,eth0,0.00,0.00,0.00,0,0,0.00,0.00,0.00,0,0,0.00,0.00,0,0
1514570436,lo,0.00,0.00,0.00,0,0,0.00,0.00,0.00,0,0,0.00,0.00,0,0
1514570436,total,0.00,0.00,0.00,0,0,0.00,0.00,0.00,0,0,0.00,0.00,0,0
1514570437,s1-eth1,1251940.00,28116.00,1280056.00,28116,1251940,832.00,426.00,1258.00,426,832,0.00,0.00,0,0
1514570437,s1-eth2,28116.00,1250426.00,1278542.00,1250426,28116,426.00,831.00,1257.00,831,426,0.00,0.00,0,0
1514570437,eth0,0.00,0.00,0.00,0,0,0.00,0.00,0.00,0,0,0.00,0.00,0,0
1514570437,lo,268.00,268.00,536.00,268,268,3.00,3.00,6.00,3,3,0.00,0.00,0,0
1514570437,total,1280324.00,1278810.00,2559134.00,1278810,1280324,1261.00,1260.00,2521.00,1260,1261,0.00,0.00,0,0
1514570438,s1-eth1,1250619.38,27824.18,1278443.62,27852,1251870,830.17,421.58,1251.75,422,831,0.00,0.00,0,0
1514570438,s1-eth2,27758.24,1250619.38,1278377.62,1251870,27786,420.58,830.17,1250.75,831,421,0.00,0.00,0,0
1514570438,eth0,0.00,0.00,0.00,0,0,0.00,0.00,0.00,0,0,0.00,0.00,0,0
1514570438,lo,0.00,0.00,0.00,0,0,0.00,0.00,0.00,0,0,0.00,0.00,0,0
1514570438,total,1278377.62,1278443.62,2556821.25,1279722,1279656,1250.75,1251.75,2502.50,1253,1252,0.00,0.00,0,0
1514570439,s1-eth1,1250930.00,27918.00,1278848.00,27918,1250930,829.00,423.00,1252.00,423,829,0.00,0.00,0,0
1514570439,s1-eth2,27984.00,1250930.00,1278914.00,1250930,27984,424.00,829.00,1253.00,829,424,0.00,0.00,0,0
1514570439,eth0,60.00,60.00,120.00,60,60,1.00,1.00,2.00,1,1,0.00,0.00,0,0
1514570439,lo,0.00,0.00,0.00,0,0,0.00,0.00,0.00,0,0,0.00,0.00,0,0
1514570439,total,1278974.00,1278908.00,2557882.00,1278908,1278974,1254.00,1253.00,2507.00,1253,1254,0.00,0.00,0,0
1514570440,s1-eth1,1248832.00,27946.00,1276778.00,27946,1248832,828.00,423.00,1251.00,423,828,0.00,0.00,0,0
1514570440,s1-eth2,27880.00,1250346.00,1278226.00,1250346,27880,422.00,829.00,1251.00,829,422,0.00,0.00,0,0
1514570440,eth0,0.00,60.00,60.00,60,0,0.00,1.00,1.00,1,0,0.00,0.00,0,0
1514570440,lo,556.00,556.00,1112.00,556,556,6.00,6.00,12.00,6,6,0.00,0.00,0,0
1514570440,total,1277268.00,1278908.00,2556176.00,1278908,1277268,1256.00,1259.00,2515.00,1259,1256,0.00,0.00,0,0
1514570441,s1-eth1,1252636.00,28050.00,1280686.00,28050,1252636,832.00,425.00,1257.00,425,832,0.00,0.00,0,0
1514570441,s1-eth2,28050.00,1249608.00,1277658.00,1249608,28050,425.00,830.00,1255.00,830,425,0.00,0.00,0,0
1514570441,eth0,0.00,0.00,0.00,0,0,0.00,0.00,0.00,0,0,0.00,0.00,0,0
1514570441,lo,268.00,268.00,536.00,268,268,3.00,3.00,6.00,3,3,0.00,0.00,0,0
1514570441,total,1280954.00,1277926.00,2558880.00,1277926,1280954,1260.00,1258.00,2518.00,1258,1260,0.00,0.00,0,0
1514570442,s1-eth1,1249618.00,27786.00,1277404.00,27786,1249618,829.00,421.00,1250.00,421,829,0.00,0.00,0,0
1514570442,s1-eth2,27786.00,1251132.00,1278918.00,1251132,27786,421.00,830.00,1251.00,830,421,0.00,0.00,0,0
1514570442,eth0,0.00,0.00,0.00,0,0,0.00,0.00,0.00,0,0,0.00,0.00,0,0
1514570442,lo,288.00,288.00,576.00,288,288,3.00,3.00,6.00,3,3,0.00,0.00,0,0
1514570442,total,1277692.00,1279206.00,2556898.00,1279206,1277692,1253.00,1254.00,2507.00,1254,1253,0.00,0.00,0,0
1514570443,s1-eth1,1251052.00,27984.00,1279036.00,27984,1251052,830.00,424.00,1254.00,424,830,0.00,0.00,0,0
1514570443,s1-eth2,28050.00,1249538.00,1277588.00,1249538,28050,425.00,829.00,1254.00,829,425,0.00,0.00,0,0
1514570443,eth0,0.00,0.00,0.00,0,0,0.00,0.00,0.00,0,0,0.00,0.00,0,0
1514570443,lo,0.00,0.00,0.00,0,0,0.00,0.00,0.00,0,0,0.00,0.00,0,0
1514570443,total,1279102.00,1277522.00,2556624.00,1277522,1279102,1255.00,1253.00,2508.00,1253,1255,0.00,0.00,0,0
1514570444,s1-eth1,1248898.00,29242.00,1278140.00,29242,1248898,829.00,443.00,1272.00,443,829,0.00,0.00,0,0
1514570444,s1-eth2,29176.00,1251926.00,1281102.00,1251926,29176,442.00,831.00,1273.00,831,442,0.00,0.00,0,0
1514570444,eth0,0.00,0.00,0.00,0,0,0.00,0.00,0.00,0,0,0.00,0.00,0,0
1514570444,lo,268.00,268.00,536.00,268,268,3.00,3.00,6.00,3,3,0.00,0.00,0,0
1514570444,total,1278342.00,1281436.00,2559778.00,1281436,1278342,1274.00,1277.00,2551.00,1277,1274,0.00,0.00,0,0
1514570445,s1-eth1,1249994.00,27258.00,1277252.00,27258,1249994,827.00,413.00,1240.00,413,827,0.00,0.00,0,0
1514570445,s1-eth2,27258.00,1249994.00,1277252.00,1249994,27258,413.00,827.00,1240.00,827,413,0.00,0.00,0,0
1514570445,eth0,0.00,0.00,0.00,0,0,0.00,0.00,0.00,0,0,0.00,0.00,0,0
1514570445,lo,268.00,268.00,536.00,268,268,3.00,3.00,6.00,3,3,0.00,0.00,0,0
1514570445,total,1277520.00,1277520.00,2555040.00,1277520,1277520,1243.00,1243.00,2486.00,1243,1243,0.00,0.00,0,0
1514570446,s1-eth1,1251784.00,27324.00,1279108.00,27324,1251784,828.00,414.00,1242.00,414,828,0.00,0.00,0,0
1514570446,s1-eth2,27324.00,1250270.00,1277594.00,1250270,27324,414.00,827.00,1241.00,827,414,0.00,0.00,0,0
1514570446,eth0,0.00,0.00,0.00,0,0,0.00,0.00,0.00,0,0,0.00,0.00,0,0
1514570446,lo,0.00,0.00,0.00,0,0,0.00,0.00,0.00,0,0,0.00,0.00,0,0
1514570446,total,1279108.00,1277594.00,2556702.00,1277594,1279108,1242.00,1241.00,2483.00,1241,1242,0.00,0.00,0,0
1514570447,s1-eth1,1250158.00,27324.00,1277482.00,27324,1250158,827.00,414.00,1241.00,414,827,0.00,0.00,0,0
1514570447,s1-eth2,27390.00,1250158.00,1277548.00,1250158,27390,415.00,827.00,1242.00,827,415,0.00,0.00,0,0
1514570447,eth0,0.00,0.00,0.00,0,0,0.00,0.00,0.00,0,0,0.00,0.00,0,0
1514570447,lo,0.00,0.00,0.00,0,0,0.00,0.00,0.00,0,0,0.00,0.00,0,0
1514570447,total,1277548.00,1277482.00,2555030.00,1277482,1277548,1242.00,1241.00,2483.00,1241,1242,0.00,0.00,0,0
1514570448,s1-eth1,1251672.00,27720.00,1279392.00,27720,1251672,828.00,420.00,1248.00,420,828,0.00,0.00,0,0
1514570448,s1-eth2,27720.00,1251672.00,1279392.00,1251672,27720,420.00,828.00,1248.00,828,420,0.00,0.00,0,0
1514570448,eth0,0.00,0.00,0.00,0,0,0.00,0.00,0.00,0,0,0.00,0.00,0,0
1514570448,lo,0.00,0.00,0.00,0,0,0.00,0.00,0.00,0,0,0.00,0.00,0,0
1514570448,total,1279392.00,1279392.00,2558784.00,1279392,1279392,1248.00,1248.00,2496.00,1248,1248,0.00,0.00,0,0
1514570449,s1-eth1,1250158.00,27390.00,1277548.00,27390,1250158,827.00,415.00,1242.00,415,827,0.00,0.00,0,0
1514570449,s1-eth2,27324.00,1250158.00,1277482.00,1250158,27324,414.00,827.00,1241.00,827,414,0.00,0.00,0,0
1514570449,eth0,60.00,60.00,120.00,60,60,1.00,1.00,2.00,1,1,0.00,0.00,0,0
1514570449,lo,172.00,172.00,344.00,172,172,3.00,3.00,6.00,3,3,0.00,0.00,0,0
1514570449,total,1277714.00,1277780.00,2555494.00,1277780,1277714,1245.00,1246.00,2491.00,1246,1245,0.00,0.00,0,0
1514570450,s1-eth1,1250742.00,27258.00,1278000.00,27258,1250742,827.00,413.00,1240.00,413,827,0.00,0.00,0,0
1514570450,s1-eth2,27324.00,1250742.00,1278066.00,1250742,27324,414.00,827.00,1241.00,827,414,0.00,0.00,0,0
1514570450,eth0,0.00,60.00,60.00,60,0,0.00,1.00,1.00,1,0,0.00,0.00,0,0
1514570450,lo,0.00,0.00,0.00,0,0,0.00,0.00,0.00,0,0,0.00,0.00,0,0
1514570450,total,1278066.00,1278060.00,2556126.00,1278060,1278066,1241.00,1241.00,2482.00,1241,1241,0.00,0.00,0,0
1514570451,s1-eth1,1250564.00,27258.00,1277822.00,27258,1250564,826.00,413.00,1239.00,413,826,0.00,0.00,0,0
1514570451,s1-eth2,27258.00,1250564.00,1277822.00,1250564,27258,413.00,826.00,1239.00,826,413,0.00,0.00,0,0
1514570451,eth0,0.00,0.00,0.00,0,0,0.00,0.00,0.00,0,0,0.00,0.00,0,0
1514570451,lo,0.00,0.00,0.00,0,0,0.00,0.00,0.00,0,0,0.00,0.00,0,0
1514570451,total,1277822.00,1277822.00,2555644.00,1277822,1277822,1239.00,1239.00,2478.00,1239,1239,0.00,0.00,0,0
1514570452,s1-eth1,1249478.50,27428.57,1276907.12,27456,1250728,827.17,415.58,1242.76,416,828,0.00,0.00,0,0
1514570452,s1-eth2,27362.64,1249478.50,1276841.25,1250728,27390,414.59,827.17,1241.76,828,415,0.00,0.00,0,0
1514570452,eth0,0.00,0.00,0.00,0,0,0.00,0.00,0.00,0,0,0.00,0.00,0,0
1514570452,lo,0.00,0.00,0.00,0,0,0.00,0.00,0.00,0,0,0.00,0.00,0,0
1514570452,total,1276841.25,1276907.12,2553748.25,1278184,1278118,1241.76,1242.76,2484.52,1244,1243,0.00,0.00,0,0
1514570453,s1-eth1,1250158.00,27390.00,1277548.00,27390,1250158,827.00,415.00,1242.00,415,827,0.00,0.00,0,0
1514570453,s1-eth2,27390.00,1250158.00,1277548.00,1250158,27390,415.00,827.00,1242.00,827,415,0.00,0.00,0,0
1514570453,eth0,0.00,0.00,0.00,0,0,0.00,0.00,0.00,0,0,0.00,0.00,0,0
1514570453,lo,0.00,0.00,0.00,0,0,0.00,0.00,0.00,0,0,0.00,0.00,0,0
1514570453,total,1277548.00,1277548.00,2555096.00,1277548,1277548,1242.00,1242.00,2484.00,1242,1242,0.00,0.00,0,0
1514570454,s1-eth1,1251672.00,27324.00,1278996.00,27324,1251672,828.00,414.00,1242.00,414,828,0.00,0.00,0,0
1514570454,s1-eth2,27390.00,1251672.00,1279062.00,1251672,27390,415.00,828.00,1243.00,828,415,0.00,0.00,0,0
1514570454,eth0,0.00,0.00,0.00,0,0,0.00,0.00,0.00,0,0,0.00,0.00,0,0
1514570454,lo,172.00,172.00,344.00,172,172,3.00,3.00,6.00,3,3,0.00,0.00,0,0
1514570454,total,1279234.00,1279168.00,2558402.00,1279168,1279234,1246.00,1245.00,2491.00,1245,1246,0.00,0.00,0,0
1514570455,s1-eth1,1248644.00,27324.00,1275968.00,27324,1248644,826.00,414.00,1240.00,414,826,0.00,0.00,0,0
1514570455,s1-eth2,27324.00,1250158.00,1277482.00,1250158,27324,414.00,827.00,1241.00,827,414,0.00,0.00,0,0
1514570455,eth0,0.00,0.00,0.00,0,0,0.00,0.00,0.00,0,0,0.00,0.00,0,0
1514570455,lo,0.00,0.00,0.00,0,0,0.00,0.00,0.00,0,0,0.00,0.00,0,0
1514570455,total,1275968.00,1277482.00,2553450.00,1277482,1275968,1240.00,1241.00,2481.00,1241,1240,0.00,0.00,0,0
1514570456,s1-eth1,1251672.00,27390.00,1279062.00,27390,1251672,828.00,415.00,1243.00,415,828,0.00,0.00,0,0
1514570456,s1-eth2,27390.00,1250158.00,1277548.00,1250158,27390,415.00,827.00,1242.00,827,415,0.00,0.00,0,0
1514570456,eth0,0.00,0.00,0.00,0,0,0.00,0.00,0.00,0,0,0.00,0.00,0,0
1514570456,lo,0.00,0.00,0.00,0,0,0.00,0.00,0.00,0,0,0.00,0.00,0,0
1514570456,total,1279062.00,1277548.00,2556610.00,1277548,1279062,1243.00,1242.00,2485.00,1242,1243,0.00,0.00,0,0
1514570457,s1-eth1,1250487.50,27362.64,1277850.12,27390,1251738,828.17,414.59,1242.76,415,829,0.00,0.00,0,0
1514570457,s1-eth2,27362.64,1250487.50,1277850.12,1251738,27390,414.59,828.17,1242.76,829,415,0.00,0.00,0,0
1514570457,eth0,0.00,0.00,0.00,0,0,0.00,0.00,0.00,0,0,0.00,0.00,0,0
1514570457,lo,0.00,0.00,0.00,0,0,0.00,0.00,0.00,0,0,0.00,0.00,0,0
1514570457,total,1277850.12,1277850.12,2555700.25,1279128,1279128,1242.76,1242.76,2485.51,1244,1244,0.00,0.00,0,0
1514570458,s1-eth1,1250158.00,27390.00,1277548.00,27390,1250158,827.00,415.00,1242.00,415,827,0.00,0.00,0,0
1514570458,s1-eth2,27324.00,1250158.00,1277482.00,1250158,27324,414.00,827.00,1241.00,827,414,0.00,0.00,0,0
1514570458,eth0,60.00,60.00,120.00,60,60,1.00,1.00,2.00,1,1,0.00,0.00,0,0
1514570458,lo,0.00,0.00,0.00,0,0,0.00,0.00,0.00,0,0,0.00,0.00,0,0
1514570458,total,1277542.00,1277608.00,2555150.00,1277608,1277542,1242.00,1243.00,2485.00,1243,1242,0.00,0.00,0,0
1514570459,s1-eth1,1250742.00,27324.00,1278066.00,27324,1250742,827.00,414.00,1241.00,414,827,0.00,0.00,0,0
1514570459,s1-eth2,27324.00,1250742.00,1278066.00,1250742,27324,414.00,827.00,1241.00,827,414,0.00,0.00,0,0
1514570459,eth0,0.00,0.00,0.00,0,0,0.00,0.00,0.00,0,0,0.00,0.00,0,0
1514570459,lo,172.00,172.00,344.00,172,172,3.00,3.00,6.00,3,3,0.00,0.00,0,0
1514570459,total,1278238.00,1278238.00,2556476.00,1278238,1278238,1244.00,1244.00,2488.00,1244,1244,0.00,0.00,0,0
1514570460,s1-eth1,1249508.00,27324.00,1276832.00,27324,1249508,826.00,414.00,1240.00,414,826,0.00,0.00,0,0
1514570460,s1-eth2,27390.00,1251022.00,1278412.00,1251022,27390,415.00,827.00,1242.00,827,415,0.00,0.00,0,0
1514570460,eth0,0.00,60.00,60.00,60,0,0.00,1.00,1.00,1,0,0.00,0.00,0,0
1514570460,lo,0.00,0.00,0.00,0,0,0.00,0.00,0.00,0,0,0.00,0.00,0,0
1514570460,total,1276898.00,1278406.00,2555304.00,1278406,1276898,1241.00,1242.00,2483.00,1242,1241,0.00,0.00,0,0
1514570461,s1-eth1,1251672.00,27390.00,1279062.00,27390,1251672,828.00,415.00,1243.00,415,828,0.00,0.00,0,0
1514570461,s1-eth2,27324.00,1250158.00,1277482.00,1250158,27324,414.00,827.00,1241.00,827,414,0.00,0.00,0,0
1514570461,eth0,0.00,0.00,0.00,0,0,0.00,0.00,0.00,0,0,0.00,0.00,0,0
1514570461,lo,0.00,0.00,0.00,0,0,0.00,0.00,0.00,0,0,0.00,0.00,0,0
1514570461,total,1278996.00,1277548.00,2556544.00,1277548,1278996,1242.00,1242.00,2484.00,1242,1242,0.00,0.00,0,0
1514570462,s1-eth1,1250158.00,27324.00,1277482.00,27324,1250158,827.00,414.00,1241.00,414,827,0.00,0.00,0,0
1514570462,s1-eth2,27390.00,1250158.00,1277548.00,1250158,27390,415.00,827.00,1242.00,827,415,0.00,0.00,0,0
1514570462,eth0,0.00,0.00,0.00,0,0,0.00,0.00,0.00,0,0,0.00,0.00,0,0
1514570462,lo,0.00,0.00,0.00,0,0,0.00,0.00,0.00,0,0,0.00,0.00,0,0
1514570462,total,1277548.00,1277482.00,2555030.00,1277482,1277548,1242.00,1241.00,2483.00,1241,1242,0.00,0.00,0,0
1514570463,s1-eth1,1250487.50,27362.64,1277850.12,27390,1251738,828.17,414.59,1242.76,415,829,0.00,0.00,0,0
1514570463,s1-eth2,27362.64,1250487.50,1277850.12,1251738,27390,414.59,828.17,1242.76,829,415,0.00,0.00,0,0
1514570463,eth0,0.00,0.00,0.00,0,0,0.00,0.00,0.00,0,0,0.00,0.00,0,0
1514570463,lo,0.00,0.00,0.00,0,0,0.00,0.00,0.00,0,0,0.00,0.00,0,0
1514570463,total,1277850.12,1277850.12,2555700.25,1279128,1279128,1242.76,1242.76,2485.51,1244,1244,0.00,0.00,0,0
1514570464,s1-eth1,1250224.00,27390.00,1277614.00,27390,1250224,828.00,415.00,1243.00,415,828,0.00,0.00,0,0
1514570464,s1-eth2,27324.00,1250224.00,1277548.00,1250224,27324,414.00,828.00,1242.00,828,414,0.00,0.00,0,0
1514570464,eth0,0.00,0.00,0.00,0,0,0.00,0.00,0.00,0,0,0.00,0.00,0,0
1514570464,lo,172.00,172.00,344.00,172,172,3.00,3.00,6.00,3,3,0.00,0.00,0,0
1514570464,total,1277720.00,1277786.00,2555506.00,1277786,1277720,1245.00,1246.00,2491.00,1246,1245,0.00,0.00,0,0
1514570465,s1-eth1,1250564.00,27258.00,1277822.00,27258,1250564,826.00,413.00,1239.00,413,826,0.00,0.00,0,0
1514570465,s1-eth2,27258.00,1250564.00,1277822.00,1250564,27258,413.00,826.00,1239.00,826,413,0.00,0.00,0,0
1514570465,eth0,0.00,0.00,0.00,0,0,0.00,0.00,0.00,0,0,0.00,0.00,0,0
1514570465,lo,0.00,0.00,0.00,0,0,0.00,0.00,0.00,0,0,0.00,0.00,0,0
1514570465,total,1277822.00,1277822.00,2555644.00,1277822,1277822,1239.00,1239.00,2478.00,1239,1239,0.00,0.00,0,0
1514570466,s1-eth1,1251134.00,27324.00,1278458.00,27324,1251134,827.00,414.00,1241.00,414,827,0.00,0.00,0,0
1514570466,s1-eth2,27390.00,1251134.00,1278524.00,1251134,27390,415.00,827.00,1242.00,827,415,0.00,0.00,0,0
1514570466,eth0,0.00,0.00,0.00,0,0,0.00,0.00,0.00,0,0,0.00,0.00,0,0
1514570466,lo,0.00,0.00,0.00,0,0,0.00,0.00,0.00,0,0,0.00,0.00,0,0
1514570466,total,1278524.00,1278458.00,2556982.00,1278458,1278524,1242.00,1241.00,2483.00,1241,1242,0.00,0.00,0,0
1514570467,s1-eth1,1250158.00,27390.00,1277548.00,27390,1250158,827.00,415.00,1242.00,415,827,0.00,0.00,0,0
1514570467,s1-eth2,27324.00,1250158.00,1277482.00,1250158,27324,414.00,827.00,1241.00,827,414,0.00,0.00,0,0
1514570467,eth0,0.00,0.00,0.00,0,0,0.00,0.00,0.00,0,0,0.00,0.00,0,0
1514570467,lo,0.00,0.00,0.00,0,0,0.00,0.00,0.00,0,0,0.00,0.00,0,0
1514570467,total,1277482.00,1277548.00,2555030.00,1277548,1277482,1241.00,1242.00,2483.00,1242,1241,0.00,0.00,0,0
1514570468,s1-eth1,1250421.62,27362.64,1277784.25,27390,1251672,827.17,414.59,1241.76,415,828,0.00,0.00,0,0
1514570468,s1-eth2,27362.64,1250421.62,1277784.25,1251672,27390,414.59,827.17,1241.76,828,415,0.00,0.00,0,0
1514570468,eth0,59.94,59.94,119.88,60,60,1.00,1.00,2.00,1,1,0.00,0.00,0,0
1514570468,lo,0.00,0.00,0.00,0,0,0.00,0.00,0.00,0,0,0.00,0.00,0,0
1514570468,total,1277844.25,1277844.25,2555688.50,1279122,1279122,1242.76,1242.76,2485.51,1244,1244,0.00,0.00,0,0
1514570469,s1-eth1,1250158.00,27324.00,1277482.00,27324,1250158,827.00,414.00,1241.00,414,827,0.00,0.00,0,0
1514570469,s1-eth2,27390.00,1250158.00,1277548.00,1250158,27390,415.00,827.00,1242.00,827,415,0.00,0.00,0,0
1514570469,eth0,0.00,0.00,0.00,0,0,0.00,0.00,0.00,0,0,0.00,0.00,0,0
1514570469,lo,172.00,172.00,344.00,172,172,3.00,3.00,6.00,3,3,0.00,0.00,0,0
1514570469,total,1277720.00,1277654.00,2555374.00,1277654,1277720,1245.00,1244.00,2489.00,1244,1245,0.00,0.00,0,0
1514570470,s1-eth1,1250102.00,27324.00,1277426.00,27324,1250102,827.00,414.00,1241.00,414,827,0.00,0.00,0,0
1514570470,s1-eth2,27324.00,1250102.00,1277426.00,1250102,27324,414.00,827.00,1241.00,827,414,0.00,0.00,0,0
1514570470,eth0,0.00,60.00,60.00,60,0,0.00,1.00,1.00,1,0,0.00,0.00,0,0
1514570470,lo,0.00,0.00,0.00,0,0,0.00,0.00,0.00,0,0,0.00,0.00,0,0
1514570470,total,1277426.00,1277486.00,2554912.00,1277486,1277426,1241.00,1242.00,2483.00,1242,1241,0.00,0.00,0,0
1514570471,s1-eth1,1250148.00,27324.00,1277472.00,27324,1250148,826.00,414.00,1240.00,414,826,0.00,0.00,0,0
1514570471,s1-eth2,27258.00,1250148.00,1277406.00,1250148,27258,413.00,826.00,1239.00,826,413,0.00,0.00,0,0
1514570471,eth0,0.00,0.00,0.00,0,0,0.00,0.00,0.00,0,0,0.00,0.00,0,0
1514570471,lo,0.00,0.00,0.00,0,0,0.00,0.00,0.00,0,0,0.00,0.00,0,0
1514570471,total,1277406.00,1277472.00,2554878.00,1277472,1277406,1239.00,1240.00,2479.00,1240,1239,0.00,0.00,0,0
1514570472,s1-eth1,1251042.00,27390.00,1278432.00,27390,1251042,829.00,415.00,1244.00,415,829,0.00,0.00,0,0
1514570472,s1-eth2,27390.00,1251042.00,1278432.00,1251042,27390,415.00,829.00,1244.00,829,415,0.00,0.00,0,0
1514570472,eth0,0.00,0.00,0.00,0,0,0.00,0.00,0.00,0,0,0.00,0.00,0,0
1514570472,lo,0.00,0.00,0.00,0,0,0.00,0.00,0.00,0,0,0.00,0.00,0,0
1514570472,total,1278432.00,1278432.00,2556864.00,1278432,1278432,1244.00,1244.00,2488.00,1244,1244,0.00,0.00,0,0
1514570473,s1-eth1,1250102.00,27324.00,1277426.00,27324,1250102,827.00,414.00,1241.00,414,827,0.00,0.00,0,0
1514570473,s1-eth2,27390.00,1250102.00,1277492.00,1250102,27390,415.00,827.00,1242.00,827,415,0.00,0.00,0,0
1514570473,eth0,90.00,180.00,270.00,180,90,1.00,2.00,3.00,2,1,0.00,0.00,0,0
1514570473,lo,0.00,0.00,0.00,0,0,0.00,0.00,0.00,0,0,0.00,0.00,0,0
1514570473,total,1277582.00,1277606.00,2555188.00,1277606,1277582,1243.00,1243.00,2486.00,1243,1243,0.00,0.00,0,0
1514570474,s1-eth1,1251032.00,27390.00,1278422.00,27390,1251032,828.00,415.00,1243.00,415,828,0.00,0.00,0,0
1514570474,s1-eth2,27324.00,1251032.00,1278356.00,1251032,27324,414.00,828.00,1242.00,828,414,0.00,0.00,0,0
1514570474,eth0,90.00,180.00,270.00,180,90,1.00,2.00,3.00,2,1,0.00,0.00,0,0
1514570474,lo,172.00,172.00,344.00,172,172,3.00,3.00,6.00,3,3,0.00,0.00,0,0
1514570474,total,1278618.00,1278774.00,2557392.00,1278774,1278618,1246.00,1248.00,2494.00,1248,1246,0.00,0.00,0,0
1514570475,s1-eth1,1250224.00,27390.00,1277614.00,27390,1250224,828.00,415.00,1243.00,415,828,0.00,0.00,0,0
1514570475,s1-eth2,27456.00,1250224.00,1277680.00,1250224,27456,416.00,828.00,1244.00,828,416,0.00,0.00,0,0
1514570475,eth0,0.00,0.00,0.00,0,0,0.00,0.00,0.00,0,0,0.00,0.00,0,0
1514570475,lo,0.00,0.00,0.00,0,0,0.00,0.00,0.00,0,0,0.00,0.00,0,0
1514570475,total,1277680.00,1277614.00,2555294.00,1277614,1277680,1244.00,1243.00,2487.00,1243,1244,0.00,0.00,0,0
1514570476,s1-eth1,1250686.00,27324.00,1278010.00,27324,1250686,827.00,414.00,1241.00,414,827,0.00,0.00,0,0
1514570476,s1-eth2,27258.00,1250686.00,1277944.00,1250686,27258,413.00,827.00,1240.00,827,413,0.00,0.00,0,0
1514570476,eth0,0.00,0.00,0.00,0,0,0.00,0.00,0.00,0,0,0.00,0.00,0,0
1514570476,lo,0.00,0.00,0.00,0,0,0.00,0.00,0.00,0,0,0.00,0.00,0,0
1514570476,total,1277944.00,1278010.00,2555954.00,1278010,1277944,1240.00,1241.00,2481.00,1241,1240,0.00,0.00,0,0
1514570477,s1-eth1,1250204.00,27258.00,1277462.00,27258,1250204,826.00,413.00,1239.00,413,826,0.00,0.00,0,0
1514570477,s1-eth2,27324.00,1250204.00,1277528.00,1250204,27324,414.00,826.00,1240.00,826,414,0.00,0.00,0,0
1514570477,eth0,0.00,0.00,0.00,0,0,0.00,0.00,0.00,0,0,0.00,0.00,0,0
1514570477,lo,0.00,0.00,0.00,0,0,0.00,0.00,0.00,0,0,0.00,0.00,0,0
1514570477,total,1277528.00,1277462.00,2554990.00,1277462,1277528,1240.00,1239.00,2479.00,1239,1240,0.00,0.00,0,0
1514570478,s1-eth1,1250158.00,27390.00,1277548.00,27390,1250158,827.00,415.00,1242.00,415,827,0.00,0.00,0,0
1514570478,s1-eth2,27390.00,1250158.00,1277548.00,1250158,27390,415.00,827.00,1242.00,827,415,0.00,0.00,0,0
1514570478,eth0,60.00,60.00,120.00,60,60,1.00,1.00,2.00,1,1,0.00,0.00,0,0
1514570478,lo,0.00,0.00,0.00,0,0,0.00,0.00,0.00,0,0,0.00,0.00,0,0
1514570478,total,1277608.00,1277608.00,2555216.00,1277608,1277608,1243.00,1243.00,2486.00,1243,1243,0.00,0.00,0,0
1514570479,s1-eth1,1251672.00,27390.00,1279062.00,27390,1251672,828.00,415.00,1243.00,415,828,0.00,0.00,0,0
1514570479,s1-eth2,27324.00,1251672.00,1278996.00,1251672,27324,414.00,828.00,1242.00,828,414,0.00,0.00,0,0
1514570479,eth0,60.00,60.00,120.00,60,60,1.00,1.00,2.00,1,1,0.00,0.00,0,0
1514570479,lo,172.00,172.00,344.00,172,172,3.00,3.00,6.00,3,3,0.00,0.00,0,0
1514570479,total,1279228.00,1279294.00,2558522.00,1279294,1279228,1246.00,1247.00,2493.00,1247,1246,0.00,0.00,0,0
1514570480,s1-eth1,1250158.00,27324.00,1277482.00,27324,1250158,827.00,414.00,1241.00,414,827,0.00,0.00,0,0
1514570480,s1-eth2,27390.00,1250158.00,1277548.00,1250158,27390,415.00,827.00,1242.00,827,415,0.00,0.00,0,0
1514570480,eth0,0.00,60.00,60.00,60,0,0.00,1.00,1.00,1,0,0.00,0.00,0,0
1514570480,lo,0.00,0.00,0.00,0,0,0.00,0.00,0.00,0,0,0.00,0.00,0,0
1514570480,total,1277548.00,1277542.00,2555090.00,1277542,1277548,1242.00,1242.00,2484.00,1242,1242,0.00,0.00,0,0
1514570481,s1-eth1,1249518.00,27390.00,1276908.00,27390,1249518,827.00,415.00,1242.00,415,827,0.00,0.00,0,0
1514570481,s1-eth2,27390.00,1249518.00,1276908.00,1249518,27390,415.00,827.00,1242.00,827,415,0.00,0.00,0,0
1514570481,eth0,0.00,0.00,0.00,0,0,0.00,0.00,0.00,0,0,0.00,0.00,0,0
1514570481,lo,0.00,0.00,0.00,0,0,0.00,0.00,0.00,0,0,0.00,0.00,0,0
1514570481,total,1276908.00,1276908.00,2553816.00,1276908,1276908,1242.00,1242.00,2484.00,1242,1242,0.00,0.00,0,0
1514570482,s1-eth1,1250827.25,27230.77,1278058.00,27258,1252078,826.17,412.59,1238.76,413,827,0.00,0.00,0,0
1514570482,s1-eth2,27230.77,1250827.25,1278058.00,1252078,27258,412.59,826.17,1238.76,827,413,0.00,0.00,0,0
1514570482,eth0,0.00,0.00,0.00,0,0,0.00,0.00,0.00,0,0,0.00,0.00,0,0
1514570482,lo,0.00,0.00,0.00,0,0,0.00,0.00,0.00,0,0,0.00,0.00,0,0
1514570482,total,1278058.00,1278058.00,2556116.00,1279336,1279336,1238.76,1238.76,2477.52,1240,1240,0.00,0.00,0,0
1514570483,s1-eth1,1250504.00,27390.00,1277894.00,27390,1250504,828.00,415.00,1243.00,415,828,0.00,0.00,0,0
1514570483,s1-eth2,27390.00,1250504.00,1277894.00,1250504,27390,415.00,828.00,1243.00,828,415,0.00,0.00,0,0
1514570483,eth0,0.00,0.00,0.00,0,0,0.00,0.00,0.00,0,0,0.00,0.00,0,0
1514570483,lo,0.00,0.00,0.00,0,0,0.00,0.00,0.00,0,0,0.00,0.00,0,0
1514570483,total,1277894.00,1277894.00,2555788.00,1277894,1277894,1243.00,1243.00,2486.00,1243,1243,0.00,0.00,0,0
1514570484,s1-eth1,1250266.00,27432.00,1277698.00,27432,1250266,829.00,416.00,1245.00,416,829,0.00,0.00,0,0
1514570484,s1-eth2,27432.00,1250266.00,1277698.00,1250266,27432,416.00,829.00,1245.00,829,416,0.00,0.00,0,0
1514570484,eth0,0.00,0.00,0.00,0,0,0.00,0.00,0.00,0,0,0.00,0.00,0,0
1514570484,lo,296.00,296.00,592.00,296,296,3.00,3.00,6.00,3,3,0.00,0.00,0,0
1514570484,total,1277994.00,1277994.00,2555988.00,1277994,1277994,1248.00,1248.00,2496.00,1248,1248,0.00,0.00,0,0
1514570485,s1-eth1,1251672.00,27324.00,1278996.00,27324,1251672,828.00,414.00,1242.00,414,828,0.00,0.00,0,0
1514570485,s1-eth2,27324.00,1250158.00,1277482.00,1250158,27324,414.00,827.00,1241.00,827,414,0.00,0.00,0,0
1514570485,eth0,0.00,0.00,0.00,0,0,0.00,0.00,0.00,0,0,0.00,0.00,0,0
1514570485,lo,0.00,0.00,0.00,0,0,0.00,0.00,0.00,0,0,0.00,0.00,0,0
1514570485,total,1278996.00,1277482.00,2556478.00,1277482,1278996,1242.00,1241.00,2483.00,1241,1242,0.00,0.00,0,0
1514570486,s1-eth1,1250224.00,27258.00,1277482.00,27258,1250224,828.00,413.00,1241.00,413,828,0.00,0.00,0,0
1514570486,s1-eth2,27258.00,1251738.00,1278996.00,1251738,27258,413.00,829.00,1242.00,829,413,0.00,0.00,0,0
1514570486,eth0,0.00,0.00,0.00,0,0,0.00,0.00,0.00,0,0,0.00,0.00,0,0
1514570486,lo,0.00,0.00,0.00,0,0,0.00,0.00,0.00,0,0,0.00,0.00,0,0
1514570486,total,1277482.00,1278996.00,2556478.00,1278996,1277482,1241.00,1242.00,2483.00,1242,1241,0.00,0.00,0,0
1514570487,s1-eth1,1248532.00,27390.00,1275922.00,27390,1248532,826.00,415.00,1241.00,415,826,0.00,0.00,0,0
1514570487,s1-eth2,27390.00,1250046.00,1277436.00,1250046,27390,415.00,827.00,1242.00,827,415,0.00,0.00,0,0
1514570487,eth0,0.00,0.00,0.00,0,0,0.00,0.00,0.00,0,0,0.00,0.00,0,0
1514570487,lo,0.00,0.00,0.00,0,0,0.00,0.00,0.00,0,0,0.00,0.00,0,0
1514570487,total,1275922.00,1277436.00,2553358.00,1277436,1275922,1241.00,1242.00,2483.00,1242,1241,0.00,0.00,0,0
1514570488,s1-eth1,1251784.00,27324.00,1279108.00,27324,1251784,828.00,414.00,1242.00,414,828,0.00,0.00,0,0
1514570488,s1-eth2,27324.00,1250270.00,1277594.00,1250270,27324,414.00,827.00,1241.00,827,414,0.00,0.00,0,0
1514570488,eth0,60.00,60.00,120.00,60,60,1.00,1.00,2.00,1,1,0.00,0.00,0,0
1514570488,lo,172.00,172.00,344.00,172,172,3.00,3.00,6.00,3,3,0.00,0.00,0,0
1514570488,total,1279340.00,1277826.00,2557166.00,1277826,1279340,1246.00,1245.00,2491.00,1245,1246,0.00,0.00,0,0
1514570489,s1-eth1,1250158.00,27390.00,1277548.00,27390,1250158,827.00,415.00,1242.00,415,827,0.00,0.00,0,0
1514570489,s1-eth2,27390.00,1250158.00,1277548.00,1250158,27390,415.00,827.00,1242.00,827,415,0.00,0.00,0,0
1514570489,eth0,0.00,60.00,60.00,60,0,0.00,1.00,1.00,1,0,0.00,0.00,0,0
1514570489,lo,0.00,0.00,0.00,0,0,0.00,0.00,0.00,0,0,0.00,0.00,0,0
1514570489,total,1277548.00,1277608.00,2555156.00,1277608,1277548,1242.00,1243.00,2485.00,1243,1242,0.00,0.00,0,0
1514570490,s1-eth1,1250158.00,27390.00,1277548.00,27390,1250158,827.00,415.00,1242.00,415,827,0.00,0.00,0,0
1514570490,s1-eth2,27324.00,1250158.00,1277482.00,1250158,27324,414.00,827.00,1241.00,827,414,0.00,0.00,0,0
1514570490,eth0,0.00,0.00,0.00,0,0,0.00,0.00,0.00,0,0,0.00,0.00,0,0
1514570490,lo,0.00,0.00,0.00,0,0,0.00,0.00,0.00,0,0,0.00,0.00,0,0
1514570490,total,1277482.00,1277548.00,2555030.00,1277548,1277482,1241.00,1242.00,2483.00,1242,1241,0.00,0.00,0,0
1514570491,s1-eth1,1251672.00,27324.00,1278996.00,27324,1251672,828.00,414.00,1242.00,414,828,0.00,0.00,0,0
1514570491,s1-eth2,27390.00,1251672.00,1279062.00,1251672,27390,415.00,828.00,1243.00,828,415,0.00,0.00,0,0
1514570491,eth0,0.00,0.00,0.00,0,0,0.00,0.00,0.00,0,0,0.00,0.00,0,0
1514570491,lo,0.00,0.00,0.00,0,0,0.00,0.00,0.00,0,0,0.00,0.00,0,0
1514570491,total,1279062.00,1278996.00,2558058.00,1278996,1279062,1243.00,1242.00,2485.00,1242,1243,0.00,0.00,0,0
1514570492,s1-eth1,1250158.00,27324.00,1277482.00,27324,1250158,827.00,414.00,1241.00,414,827,0.00,0.00,0,0
1514570492,s1-eth2,27324.00,1250158.00,1277482.00,1250158,27324,414.00,827.00,1241.00,827,414,0.00,0.00,0,0
1514570492,eth0,0.00,0.00,0.00,0,0,0.00,0.00,0.00,0,0,0.00,0.00,0,0
1514570492,lo,0.00,0.00,0.00,0,0,0.00,0.00,0.00,0,0,0.00,0.00,0,0
1514570492,total,1277482.00,1277482.00,2554964.00,1277482,1277482,1241.00,1241.00,2482.00,1241,1241,0.00,0.00,0,0
1514570493,s1-eth1,1250564.00,27258.00,1277822.00,27258,1250564,826.00,413.00,1239.00,413,826,0.00,0.00,0,0
1514570493,s1-eth2,27258.00,1250564.00,1277822.00,1250564,27258,413.00,826.00,1239.00,826,413,0.00,0.00,0,0
1514570493,eth0,0.00,0.00,0.00,0,0,0.00,0.00,0.00,0,0,0.00,0.00,0,0
1514570493,lo,172.00,172.00,344.00,172,172,3.00,3.00,6.00,3,3,0.00,0.00,0,0
1514570493,total,1277994.00,1277994.00,2555988.00,1277994,1277994,1242.00,1242.00,2484.00,1242,1242,0.00,0.00,0,0
1514570494,s1-eth1,1249686.00,27390.00,1277076.00,27390,1249686,827.00,415.00,1242.00,415,827,0.00,0.00,0,0
1514570494,s1-eth2,27324.00,1249686.00,1277010.00,1249686,27324,414.00,827.00,1241.00,827,414,0.00,0.00,0,0
1514570494,eth0,0.00,0.00,0.00,0,0,0.00,0.00,0.00,0,0,0.00,0.00,0,0
1514570494,lo,0.00,0.00,0.00,0,0,0.00,0.00,0.00,0,0,0.00,0.00,0,0
1514570494,total,1277010.00,1277076.00,2554086.00,1277076,1277010,1241.00,1242.00,2483.00,1242,1241,0.00,0.00,0,0
1514570495,s1-eth1,1250224.00,27324.00,1277548.00,27324,1250224,828.00,414.00,1242.00,414,828,0.00,0.00,0,0
1514570495,s1-eth2,27390.00,1250224.00,1277614.00,1250224,27390,415.00,828.00,1243.00,828,415,0.00,0.00,0,0
1514570495,eth0,0.00,0.00,0.00,0,0,0.00,0.00,0.00,0,0,0.00,0.00,0,0
1514570495,lo,0.00,0.00,0.00,0,0,0.00,0.00,0.00,0,0,0.00,0.00,0,0
1514570495,total,1277614.00,1277548.00,2555162.00,1277548,1277614,1243.00,1242.00,2485.00,1242,1243,0.00,0.00,0,0
1514570496,s1-eth1,1174646.00,25872.00,1200518.00,25872,1174646,779.00,392.00,1171.00,392,779,0.00,0.00,0,0
1514570496,s1-eth2,25872.00,1173132.00,1199004.00,1173132,25872,392.00,778.00,1170.00,778,392,0.00,0.00,0,0
1514570496,eth0,0.00,0.00,0.00,0,0,0.00,0.00,0.00,0,0,0.00,0.00,0,0
1514570496,lo,0.00,0.00,0.00,0,0,0.00,0.00,0.00,0,0,0.00,0.00,0,0
1514570496,total,1200518.00,1199004.00,2399522.00,1199004,1200518,1171.00,1170.00,2341.00,1170,1171,0.00,0.00,0,0
1514570497,s1-eth1,0.00,0.00,0.00,0,0,0.00,0.00,0.00,0,0,0.00,0.00,0,0
1514570497,s1-eth2,0.00,0.00,0.00,0,0,0.00,0.00,0.00,0,0,0.00,0.00,0,0
1514570497,eth0,60.00,60.00,120.00,60,60,1.00,1.00,2.00,1,1,0.00,0.00,0,0
1514570497,lo,0.00,0.00,0.00,0,0,