1514578318,s1-eth1,0.00,0.00,0.00,0,0,0.00,0.00,0.00,0,0,0.00,0.00,0,0
1514578318,s1-eth3,0.00,0.00,0.00,0,0,0.00,0.00,0.00,0,0,0.00,0.00,0,0
1514578318,s1-eth2,0.00,0.00,0.00,0,0,0.00,0.00,0.00,0,0,0.00,0.00,0,0
1514578318,s2-eth1,0.00,0.00,0.00,0,0,0.00,0.00,0.00,0,0,0.00,0.00,0,0
1514578318,s2-eth3,0.00,0.00,0.00,0,0,0.00,0.00,0.00,0,0,0.00,0.00,0,0
1514578318,s2-eth2,0.00,0.00,0.00,0,0,0.00,0.00,0.00,0,0,0.00,0.00,0,0
1514578318,s3-eth1,0.00,0.00,0.00,0,0,0.00,0.00,0.00,0,0,0.00,0.00,0,0
1514578318,s3-eth2,0.00,0.00,0.00,0,0,0.00,0.00,0.00,0,0,0.00,0.00,0,0
1514578318,eth0,0.00,0.00,0.00,0,0,0.00,0.00,0.00,0,0,0.00,0.00,0,0
1514578318,lo,0.00,0.00,0.00,0,0,0.00,0.00,0.00,0,0,0.00,0.00,0,0
1514578318,total,0.00,0.00,0.00,0,0,0.00,0.00,0.00,0,0,0.00,0.00,0,0
1514578319,s1-eth1,1252758.00,27918.00,1280676.00,27918,1252758,833.00,423.00,1256.00,423,833,0.00,0.00,0,0
1514578319,s1-eth3,18150.00,837730.00,855880.00,837730,18150,275.00,557.00,832.00,557,275,0.00,0.00,0,0
1514578319,s1-eth2,9768.00,441514.00,451282.00,441514,9768,148.00,293.00,441.00,293,148,0.00,0.00,0,0
1514578319,s2-eth1,837730.00,18150.00,855880.00,18150,837730,557.00,275.00,832.00,275,557,0.00,0.00,0,0
1514578319,s2-eth3,9636.00,440122.00,449758.00,440122,9636,146.00,293.00,439.00,293,146,0.00,0.00,0,0
1514578319,s2-eth2,8514.00,397608.00,406122.00,397608,8514,129.00,264.00,393.00,264,129,0.00,0.00,0,0
1514578319,s3-eth1,440122.00,9636.00,449758.00,9636,440122,293.00,146.00,439.00,146,293,0.00,0.00,0,0
1514578319,s3-eth2,9636.00,440122.00,449758.00,440122,9636,146.00,293.00,439.00,293,146,0.00,0.00,0,0
1514578319,eth0,138.00,66.00,204.00,66,138,1.00,1.00,2.00,1,1,0.00,0.00,0,0
1514578319,lo,0.00,0.00,0.00,0,0,0.00,0.00,0.00,0,0,0.00,0.00,0,0
1514578319,total,2586452.00,2612866.00,5199318.00,2612866,2586452,2528.00,2545.00,5073.00,2545,2528,0.00,0.00,0,0
1514578320,s1-eth1,1249840.00,28116.00,1277956.00,28116,1249840,832.00,426.00,1258.00,426,832,0.00,0.00,0,0
1514578320,s1-eth3,18768.00,839212.00,857980.00,839212,18768,284.00,558.00,842.00,558,284,0.00,0.00,0,0
1514578320,s1-eth2,9528.00,424950.00,434478.00,424950,9528,144.00,283.00,427.00,283,144,0.00,0.00,0,0
1514578320,s2-eth1,839212.00,18768.00,857980.00,18768,839212,558.00,284.00,842.00,284,558,0.00,0.00,0,0
1514578320,s2-eth3,10278.00,453626.00,463904.00,453626,10278,155.00,301.00,456.00,301,155,0.00,0.00,0,0
1514578320,s2-eth2,8670.00,385586.00,394256.00,385586,8670,131.00,257.00,388.00,257,131,0.00,0.00,0,0
1514578320,s3-eth1,453626.00,10278.00,463904.00,10278,453626,301.00,155.00,456.00,155,301,0.00,0.00,0,0
1514578320,s3-eth2,10278.00,453626.00,463904.00,453626,10278,155.00,301.00,456.00,301,155,0.00,0.00,0,0
1514578320,eth0,228.00,66.00,294.00,66,228,2.00,1.00,3.00,1,2,0.00,0.00,0,0
1514578320,lo,1728.00,1728.00,3456.00,1728,1728,18.00,18.00,36.00,18,18,0.00,0.00,0,0
1514578320,total,2602156.00,2615956.00,5218112.00,2615956,2602156,2580.00,2584.00,5164.00,2584,2580,0.00,0.00,0,0
1514578321,s1-eth1,1251804.00,28512.00,1280316.00,28512,1251804,830.00,432.00,1262.00,432,830,0.00,0.00,0,0
1514578321,s1-eth3,18876.00,839056.00,857932.00,839056,18876,286.00,556.00,842.00,556,286,0.00,0.00,0,0
1514578321,s1-eth2,9702.00,436972.00,446674.00,436972,9702,147.00,290.00,437.00,290,147,0.00,0.00,0,0
1514578321,s2-eth1,839056.00,18876.00,857932.00,18876,839056,556.00,286.00,842.00,286,556,0.00,0.00,0,0
1514578321,s2-eth3,9570.00,430850.00,440420.00,430850,9570,145.00,285.00,430.00,285,145,0.00,0.00,0,0
1514578321,s2-eth2,9240.00,409720.00,418960.00,409720,9240,140.00,272.00,412.00,272,140,0.00,0.00,0,0
1514578321,s3-eth1,430850.00,9570.00,440420.00,9570,430850,285.00,145.00,430.00,145,285,0.00,0.00,0,0
1514578321,s3-eth2,9570.00,432364.00,441934.00,432364,9570,145.00,286.00,431.00,286,145,0.00,0.00,0,0
1514578321,eth0,138.00,246.00,384.00,246,138,1.00,3.00,4.00,3,1,0.00,0.00,0,0
1514578321,lo,0.00,0.00,0.00,0,0,0.00,0.00,0.00,0,0,0.00,0.00,0,0
1514578321,total,2578806.00,2606166.00,5184972.00,2606166,2578806,2535.00,2555.00,5090.00,2555,2535,0.00,0.00,0,0
1514578322,s1-eth1,1249678.00,28450.00,1278128.00,28450,1249678,831.00,431.00,1262.00,431,831,0.00,0.00,0,0
1514578322,s1-eth3,18902.00,849126.00,868028.00,849126,18902,287.00,567.00,854.00,567,287,0.00,0.00,0,0
1514578322,s1-eth2,9996.00,429556.00,439552.00,429556,9996,152.00,288.00,440.00,288,152,0.00,0.00,0,0
1514578322,s2-eth1,849126.00,18902.00,868028.00,18902,849126,567.00,287.00,854.00,287,567,0.00,0.00,0,0
1514578322,s2-eth3,9996.00,441668.00,451664.00,441668,9996,152.00,296.00,448.00,296,152,0.00,0.00,0,0
1514578322,s2-eth2,9270.00,407542.00,416812.00,407542,9270,141.00,273.00,414.00,273,141,0.00,0.00,0,0
1514578322,s3-eth1,441668.00,9996.00,451664.00,9996,441668,296.00,152.00,448.00,152,296,0.00,0.00,0,0
1514578322,s3-eth2,9996.00,440154.00,450150.00,440154,9996,152.00,295.00,447.00,295,152,0.00,0.00,0,0
1514578322,eth0,138.00,66.00,204.00,66,138,1.00,1.00,2.00,1,1,0.00,0.00,0,0
1514578322,lo,6840.00,6840.00,13680.00,6840,6840,68.00,68.00,136.00,68,68,0.00,0.00,0,0
1514578322,total,2605610.00,2632300.00,5237910.00,2632300,2605610,2647.00,2658.00,5305.00,2658,2647,0.00,0.00,0,0
1514578323,s1-eth1,1251178.00,29370.00,1280548.00,29370,1251178,831.00,445.00,1276.00,445,831,0.00,0.00,0,0
1514578323,s1-eth3,19602.00,891416.00,911018.00,891416,19602,297.00,592.00,889.00,592,297,0.00,0.00,0,0
1514578323,s1-eth2,9768.00,459616.00,469384.00,459616,9768,148.00,304.00,452.00,304,148,0.00,0.00,0,0
1514578323,s2-eth1,891416.00,19602.00,911018.00,19602,891416,592.00,297.00,889.00,297,592,0.00,0.00,0,0
1514578323,s2-eth3,9240.00,411234.00,420474.00,411234,9240,140.00,273.00,413.00,273,140,0.00,0.00,0,0
1514578323,s2-eth2,10428.00,481696.00,492124.00,481696,10428,158.00,320.00,478.00,320,158,0.00,0.00,0,0
1514578323,s3-eth1,411234.00,9240.00,420474.00,9240,411234,273.00,140.00,413.00,140,273,0.00,0.00,0,0
1514578323,s3-eth2,9174.00,411234.00,420408.00,411234,9174,139.00,273.00,412.00,273,139,0.00,0.00,0,0
1514578323,eth0,138.00,66.00,204.00,66,138,1.00,1.00,2.00,1,1,0.00,0.00,0,0
1514578323,lo,0.00,0.00,0.00,0,0,0.00,0.00,0.00,0,0,0.00,0.00,0,0
1514578323,total,2612178.00,2713474.00,5325652.00,2713474,2612178,2579.00,2645.00,5224.00,2645,2579,0.00,0.00,0,0
1514578324,s1-eth1,1251076.00,33486.00,1284562.00,33486,1251076,830.00,491.00,1321.00,491,830,0.00,0.00,0,0
1514578324,s1-eth3,20798.00,780044.00,800842.00,780044,20798,301.00,518.00,819.00,518,301,0.00,0.00,0,0
1514578324,s1-eth2,12700.00,556634.00,569334.00,556634,12700,190.00,369.00,559.00,369,190,0.00,0.00,0,0
1514578324,s2-eth1,780044.00,20798.00,800842.00,20798,780044,518.00,301.00,819.00,301,518,0.00,0.00,0,0
1514578324,s2-eth3,9500.00,294624.00,304124.00,294624,9500,132.00,196.00,328.00,196,132,0.00,0.00,0,0
1514578324,s2-eth2,11310.00,482392.00,493702.00,482392,11310,169.00,320.00,489.00,320,169,0.00,0.00,0,0
1514578324,s3-eth1,294624.00,9500.00,304124.00,9500,294624,196.00,132.00,328.00,132,196,0.00,0.00,0,0
1514578324,s3-eth2,9566.00,294624.00,304190.00,294624,9566,133.00,196.00,329.00,196,133,0.00,0.00,0,0
1514578324,eth0,198.00,126.00,324.00,126,198,2.00,2.00,4.00,2,2,0.00,0.00,0,0
1514578324,lo,864.00,864.00,1728.00,864,864,9.00,9.00,18.00,9,9,0.00,0.00,0,0
1514578324,total,2390680.00,2473092.00,4863772.00,2473092,2390680,2480.00,2534.00,5014.00,2534,2480,0.00,0.00,0,0
1514578325,s1-eth1,1249558.50,45894.11,1295452.62,45940,1250808,827.17,609.39,1436.56,610,828,0.00,0.00,0,0
1514578325,s1-eth3,26000.00,762415.62,788415.62,763178,26026,354.65,504.50,859.14,505,355,0.00,0.00,0,0
1514578325,s1-eth2,19906.09,471200.81,491106.91,471672,19926,254.75,311.69,566.43,312,255,0.00,0.00,0,0
1514578325,s2-eth1,762415.62,26000.00,788415.62,26026,763178,504.50,354.65,859.14,355,505,0.00,0.00,0,0
1514578325,s2-eth3,9048.95,254097.91,263146.88,254352,9058,116.88,167.83,284.72,168,117,0.00,0.00,0,0
1514578325,s2-eth2,17028.97,508317.69,525346.69,508826,17046,238.76,336.66,575.42,337,239,0.00,0.00,0,0
1514578325,s3-eth1,254097.91,9048.95,263146.88,9058,254352,167.83,116.88,284.72,117,168,0.00,0.00,0,0
1514578325,s3-eth2,9048.95,254097.91,263146.88,254352,9058,116.88,167.83,284.72,168,117,0.00,0.00,0,0
1514578325,eth0,137.86,125.87,263.74,126,138,1.00,2.00,3.00,2,1,0.00,0.00,0,0
1514578325,lo,0.00,0.00,0.00,0,0,0.00,0.00,0.00,0,0,0.00,0.00,0,0
1514578325,total,2347242.75,2331198.75,4678441.50,2333530,2349590,2582.42,2571.43,5153.85,2574,2585,0.00,0.00,0,0
1514578326,s1-eth1,1251060.00,33206.00,1284266.00,33206,1251060,830.00,477.00,1307.00,477,830,0.00,0.00,0,0
1514578326,s1-eth3,20898.00,668114.00,689012.00,668114,20898,297.00,445.00,742.00,445,297,0.00,0.00,0,0
1514578326,s1-eth2,12666.00,458990.00,471656.00,458990,12666,185.00,305.00,490.00,305,185,0.00,0.00,0,0
1514578326,s2-eth1,668114.00,20898.00,689012.00,20898,668114,445.00,297.00,742.00,297,445,0.00,0.00,0,0
1514578326,s2-eth3,5646.00,243824.00,249470.00,243824,5646,85.00,162.00,247.00,162,85,0.00,0.00,0,0
1514578326,s2-eth2,15622.00,431860.00,447482.00,431860,15622,217.00,288.00,505.00,288,217,0.00,0.00,0,0
1514578326,s3-eth1,243824.00,5646.00,249470.00,5646,243824,162.00,85.00,247.00,85,162,0.00,0.00,0,0
1514578326,s3-eth2,5580.00,243824.00,249404.00,243824,5580,84.00,162.00,246.00,162,84,0.00,0.00,0,0
1514578326,eth0,138.00,66.00,204.00,66,138,1.00,1.00,2.00,1,1,0.00,0.00,0,0
1514578326,lo,4080.00,4080.00,8160.00,4080,4080,45.00,45.00,90.00,45,45,0.00,0.00,0,0
1514578326,total,2227628.00,2110508.00,4338136.00,2110508,2227628,2351.00,2267.00,4618.00,2267,2351,0.00,0.00,0,0
1514578327,s1-eth1,1250756.00,30066.00,1280822.00,30066,1250756,828.00,447.00,1275.00,447,828,0.00,0.00,0,0
1514578327,s1-eth3,17556.00,855410.00,872966.00,855410,17556,266.00,565.00,831.00,565,266,0.00,0.00,0,0
1514578327,s1-eth2,12522.00,496592.00,509114.00,496592,12522,181.00,328.00,509.00,328,181,0.00,0.00,0,0
1514578327,s2-eth1,855410.00,17556.00,872966.00,17556,855410,565.00,266.00,831.00,266,565,0.00,0.00,0,0
1514578327,s2-eth3,6996.00,322482.00,329478.00,322482,6996,106.00,213.00,319.00,213,106,0.00,0.00,0,0
1514578327,s2-eth2,10560.00,525358.00,535918.00,525358,10560,160.00,347.00,507.00,347,160,0.00,0.00,0,0
1514578327,s3-eth1,322482.00,6996.00,329478.00,6996,322482,213.00,106.00,319.00,106,213,0.00,0.00,0,0
1514578327,s3-eth2,7062.00,322482.00,329544.00,322482,7062,107.00,213.00,320.00,213,107,0.00,0.00,0,0
1514578327,eth0,138.00,66.00,204.00,66,138,1.00,1.00,2.00,1,1,0.00,0.00,0,0
1514578327,lo,0.00,0.00,0.00,0,0,0.00,0.00,0.00,0,0,0.00,0.00,0,0
1514578327,total,2483482.00,2577008.00,5060490.00,2577008,2483482,2427.00,2486.00,4913.00,2486,2427,0.00,0.00,0,0
1514578328,s1-eth1,1250564.00,27456.00,1278020.00,27456,1250564,826.00,416.00,1242.00,416,826,0.00,0.00,0,0
1514578328,s1-eth3,16764.00,766084.00,782848.00,766084,16764,254.00,506.00,760.00,506,254,0.00,0.00,0,0
1514578328,s1-eth2,10692.00,496592.00,507284.00,496592,10692,162.00,328.00,490.00,328,162,0.00,0.00,0,0
1514578328,s2-eth1,766084.00,16764.00,782848.00,16764,766084,506.00,254.00,760.00,254,506,0.00,0.00,0,0
1514578328,s2-eth3,6138.00,274034.00,280172.00,274034,6138,93.00,181.00,274.00,181,93,0.00,0.00,0,0
1514578328,s2-eth2,10626.00,492050.00,502676.00,492050,10626,161.00,325.00,486.00,325,161,0.00,0.00,0,0
1514578328,s3-eth1,274034.00,6138.00,280172.00,6138,274034,181.00,93.00,274.00,93,181,0.00,0.00,0,0
1514578328,s3-eth2,6072.00,274034.00,280106.00,274034,6072,92.00,181.00,273.00,181,92,0.00,0.00,0,0
1514578328,eth0,138.00,66.00,204.00,66,138,1.00,1.00,2.00,1,1,0.00,0.00,0,0
1514578328,lo,0.00,0.00,0.00,0,0,0.00,0.00,0.00,0,0,0.00,0.00,0,0
1514578328,total,2341112.00,2353218.00,4694330.00,2353218,2341112,2276.00,2285.00,4561.00,2285,2276,0.00,0.00,0,0
1514578329,s1-eth1,1250564.00,27192.00,1277756.00,27192,1250564,826.00,412.00,1238.00,412,826,0.00,0.00,0,0
1514578329,s1-eth3,16170.00,747916.00,764086.00,747916,16170,245.00,494.00,739.00,494,245,0.00,0.00,0,0
1514578329,s1-eth2,11022.00,507190.00,518212.00,507190,11022,167.00,335.00,502.00,335,167,0.00,0.00,0,0
1514578329,s2-eth1,747916.00,16170.00,764086.00,16170,747916,494.00,245.00,739.00,245,494,0.00,0.00,0,0
1514578329,s2-eth3,6138.00,287660.00,293798.00,287660,6138,93.00,190.00,283.00,190,93,0.00,0.00,0,0
1514578329,s2-eth2,10032.00,460256.00,470288.00,460256,10032,152.00,304.00,456.00,304,152,0.00,0.00,0,0
1514578329,s3-eth1,287660.00,6138.00,293798.00,6138,287660,190.00,93.00,283.00,93,190,0.00,0.00,0,0
1514578329,s3-eth2,6138.00,287660.00,293798.00,287660,6138,93.00,190.00,283.00,190,93,0.00,0.00,0,0
1514578329,eth0,138.00,66.00,204.00,66,138,1.00,1.00,2.00,1,1,0.00,0.00,0,0
1514578329,lo,0.00,0.00,0.00,0,0,0.00,0.00,0.00,0,0,0.00,0.00,0,0
1514578329,total,2335778.00,2340248.00,4676026.00,2340248,2335778,2261.00,2264.00,4525.00,2264,2261,0.00,0.00,0,0
1514578330,s1-eth1,1250564.00,27258.00,1277822.00,27258,1250564,826.00,413.00,1239.00,413,826,0.00,0.00,0,0
1514578330,s1-eth3,16962.00,791822.00,808784.00,791822,16962,257.00,523.00,780.00,523,257,0.00,0.00,0,0
1514578330,s1-eth2,10362.00,472368.00,482730.00,472368,10362,157.00,312.00,469.00,312,157,0.00,0.00,0,0
1514578330,s2-eth1,791822.00,16962.00,808784.00,16962,791822,523.00,257.00,780.00,257,523,0.00,0.00,0,0
1514578330,s2-eth3,6534.00,313398.00,319932.00,313398,6534,99.00,207.00,306.00,207,99,0.00,0.00,0,0
1514578330,s2-eth2,10428.00,478424.00,488852.00,478424,10428,158.00,316.00,474.00,316,158,0.00,0.00,0,0
1514578330,s3-eth1,313398.00,6534.00,319932.00,6534,313398,207.00,99.00,306.00,99,207,0.00,0.00,0,0
1514578330,s3-eth2,6600.00,313398.00,319998.00,313398,6600,100.00,207.00,307.00,207,100,0.00,0.00,0,0
1514578330,eth0,138.00,66.00,204.00,66,138,1.00,1.00,2.00,1,1,0.00,0.00,0,0
1514578330,lo,0.00,0.00,0.00,0,0,0.00,0.00,0.00,0,0,0.00,0.00,0,0
1514578330,total,2406808.00,2420230.00,4827038.00,2420230,2406808,2328.00,2335.00,4663.00,2335,2328,0.00,0.00,0,0
1514578331,s1-eth1,1250827.25,27296.70,1278123.88,27324,1252078,826.17,413.59,1239.76,414,827,0.00,0.00,0,0
1514578331,s1-eth3,17274.73,813718.31,830993.00,814532,17292,261.74,537.46,799.20,538,262,0.00,0.00,0,0
1514578331,s1-eth2,10021.98,462821.19,472843.16,463284,10032,151.85,305.69,457.54,306,152,0.00,0.00,0,0
1514578331,s2-eth1,813718.31,17274.73,830993.00,17292,814532,537.46,261.74,799.20,262,538,0.00,0.00,0,0
1514578331,s2-eth3,7780.22,378121.88,385902.09,378500,7788,117.88,249.75,367.63,250,118,0.00,0.00,0,0
1514578331,s2-eth2,9428.57,435596.41,445025.00,436032,9438,142.86,287.71,430.57,288,143,0.00,0.00,0,0
1514578331,s3-eth1,378121.88,7780.22,385902.09,7788,378500,249.75,117.88,367.63,118,250,0.00,0.00,0,0
1514578331,s3-eth2,7780.22,378121.88,385902.09,378500,7788,117.88,249.75,367.63,250,118,0.00,0.00,0,0
1514578331,eth0,137.86,65.93,203.80,66,138,1.00,1.00,2.00,1,1,0.00,0.00,0,0
1514578331,lo,515.48,515.48,1030.97,516,516,8.99,8.99,17.98,9,9,0.00,0.00,0,0
1514578331,total,2495606.50,2521312.75,5016919.00,2523834,2498102,2415.58,2433.57,4849.15,2436,2418,0.00,0.00,0,0
1514578332,s1-eth1,1249620.00,42168.00,1291788.00,42168,1249620,826.00,570.00,1396.00,570,826,0.00,0.00,0,0
1514578332,s1-eth3,25918.00,775738.00,801656.00,775738,25918,361.00,513.00,874.00,513,361,0.00,0.00,0,0
1514578332,s1-eth2,16250.00,420892.00,437142.00,420892,16250,209.00,278.00,487.00,278,209,0.00,0.00,0,0
1514578332,s2-eth1,775738.00,25918.00,801656.00,25918,775738,513.00,361.00,874.00,361,513,0.00,0.00,0,0
1514578332,s2-eth3,12612.00,388154.00,400766.00,388154,12612,178.00,257.00,435.00,257,178,0.00,0.00,0,0
1514578332,s2-eth2,13306.00,390612.00,403918.00,390612,13306,183.00,258.00,441.00,258,183,0.00,0.00,0,0
1514578332,s3-eth1,388154.00,12612.00,400766.00,12612,388154,257.00,178.00,435.00,178,257,0.00,0.00,0,0
1514578332,s3-eth2,12612.00,388154.00,400766.00,388154,12612,178.00,257.00,435.00,257,178,0.00,0.00,0,0
1514578332,eth0,138.00,66.00,204.00,66,138,1.00,1.00,2.00,1,1,0.00,0.00,0,0
1514578332,lo,0.00,0.00,0.00,0,0,0.00,0.00,0.00,0,0,0.00,0.00,0,0
1514578332,total,2494348.00,2444314.00,4938662.00,2444314,2494348,2706.00,2673.00,5379.00,2673,2706,0.00,0.00,0,0
1514578333,s1-eth1,1250564.00,27390.00,1277954.00,27390,1250564,826.00,415.00,1241.00,415,826,0.00,0.00,0,0
1514578333,s1-eth3,17490.00,831186.00,848676.00,831186,17490,265.00,549.00,814.00,549,265,0.00,0.00,0,0
1514578333,s1-eth2,9900.00,466312.00,476212.00,466312,9900,150.00,308.00,458.00,308,150,0.00,0.00,0,0
1514578333,s2-eth1,831186.00,17490.00,848676.00,17490,831186,549.00,265.00,814.00,265,549,0.00,0.00,0,0
1514578333,s2-eth3,8580.00,402724.00,411304.00,402724,8580,130.00,266.00,396.00,266,130,0.00,0.00,0,0
1514578333,s2-eth2,8976.00,425434.00,434410.00,425434,8976,136.00,281.00,417.00,281,136,0.00,0.00,0,0
1514578333,s3-eth1,402724.00,8580.00,411304.00,8580,402724,266.00,130.00,396.00,130,266,0.00,0.00,0,0
1514578333,s3-eth2,8580.00,407266.00,415846.00,407266,8580,130.00,269.00,399.00,269,130,0.00,0.00,0,0
1514578333,eth0,138.00,66.00,204.00,66,138,1.00,1.00,2.00,1,1,0.00,0.00,0,0
1514578333,lo,0.00,0.00,0.00,0,0,0.00,0.00,0.00,0,0,0.00,0.00,0,0
1514578333,total,2538138.00,2586448.00,5124586.00,2586448,2538138,2453.00,2484.00,4937.00,2484,2453,0.00,0.00,0,0
1514578334,s1-eth1,1250798.00,32966.00,1283764.00,32966,1250798,827.00,471.00,1298.00,471,827,0.00,0.00,0,0
1514578334,s1-eth3,18942.00,873812.00,892754.00,873812,18942,287.00,578.00,865.00,578,287,0.00,0.00,0,0
1514578334,s1-eth2,14024.00,370930.00,384954.00,370930,14024,184.00,245.00,429.00,245,184,0.00,0.00,0,0
1514578334,s2-eth1,873812.00,18942.00,892754.00,18942,873812,578.00,287.00,865.00,287,578,0.00,0.00,0,0
1514578334,s2-eth3,9504.00,439294.00,448798.00,439294,9504,144.00,291.00,435.00,291,144,0.00,0.00,0,0
1514578334,s2-eth2,9438.00,439060.00,448498.00,439060,9438,143.00,290.00,433.00,290,143,0.00,0.00,0,0
1514578334,s3-eth1,439294.00,9504.00,448798.00,9504,439294,291.00,144.00,435.00,144,291,0.00,0.00,0,0
1514578334,s3-eth2,9438.00,436266.00,445704.00,436266,9438,143.00,289.00,432.00,289,143,0.00,0.00,0,0
1514578334,eth0,138.00,66.00,204.00,66,138,1.00,1.00,2.00,1,1,0.00,0.00,0,0
1514578334,lo,0.00,0.00,0.00,0,0,0.00,0.00,0.00,0,0,0.00,0.00,0,0
1514578334,total,2625388.00,2620840.00,5246228.00,2620840,2625388,2598.00,2596.00,5194.00,2596,2598,0.00,0.00,0,0
1514578335,s1-eth1,1250564.00,27918.00,1278482.00,27918,1250564,826.00,423.00,1249.00,423,826,0.00,0.00,0,0
1514578335,s1-eth3,19932.00,906886.00,926818.00,906886,19932,302.00,599.00,901.00,599,302,0.00,0.00,0,0
1514578335,s1-eth2,7986.00,351248.00,359234.00,351248,7986,121.00,232.00,353.00,232,121,0.00,0.00,0,0
1514578335,s2-eth1,906886.00,19932.00,926818.00,19932,906886,599.00,302.00,901.00,302,599,0.00,0.00,0,0
1514578335,s2-eth3,8844.00,395154.00,403998.00,395154,8844,134.00,261.00,395.00,261,134,0.00,0.00,0,0
1514578335,s2-eth2,11022.00,507190.00,518212.00,507190,11022,167.00,335.00,502.00,335,167,0.00,0.00,0,0
1514578335,s3-eth1,395154.00,8844.00,403998.00,8844,395154,261.00,134.00,395.00,134,261,0.00,0.00,0,0
1514578335,s3-eth2,8910.00,393640.00,402550.00,393640,8910,135.00,260.00,395.00,260,135,0.00,0.00,0,0
1514578335,eth0,228.00,66.00,294.00,66,228,2.00,1.00,3.00,1,2,0.00,0.00,0,0
1514578335,lo,0.00,0.00,0.00,0,0,0.00,0.00,0.00,0,0,0.00,0.00,0,0
1514578335,total,2609526.00,2610878.00,5220404.00,2610878,2609526,2547.00,2547.00,5094.00,2547,2547,0.00,0.00,0,0
1514578336,s1-eth1,1250798.00,27654.00,1278452.00,27654,1250798,827.00,419.00,1246.00,419,827,0.00,0.00,0,0
1514578336,s1-eth3,19272.00,874630.00,893902.00,874630,19272,292.00,579.00,871.00,579,292,0.00,0.00,0,0
1514578336,s1-eth2,8382.00,384556.00,392938.00,384556,8382,127.00,254.00,381.00,254,127,0.00,0.00,0,0
1514578336,s2-eth1,874630.00,19272.00,893902.00,19272,874630,579.00,292.00,871.00,292,579,0.00,0.00,0,0
1514578336,s2-eth3,9636.00,429514.00,439150.00,429514,9636,146.00,285.00,431.00,285,146,0.00,0.00,0,0
1514578336,s2-eth2,9702.00,445116.00,454818.00,445116,9702,147.00,294.00,441.00,294,147,0.00,0.00,0,0
1514578336,s3-eth1,429514.00,9636.00,439150.00,9636,429514,285.00,146.00,431.00,146,285,0.00,0.00,0,0
1514578336,s3-eth2,9636.00,429514.00,439150.00,429514,9636,146.00,285.00,431.00,285,146,0.00,0.00,0,0
1514578336,eth0,138.00,246.00,384.00,246,138,1.00,3.00,4.00,3,1,0.00,0.00,0,0
1514578336,lo,516.00,516.00,1032.00,516,516,9.00,9.00,18.00,9,9,0.00,0.00,0,0
1514578336,total,2612224.00,2620654.00,5232878.00,2620654,2612224,2559.00,2566.00,5125.00,2566,2559,0.00,0.00,0,0
1514578337,s1-eth1,1251382.00,27720.00,1279102.00,27720,1251382,827.00,420.00,1247.00,420,827,0.00,0.00,0,0
1514578337,s1-eth3,19206.00,873578.00,892784.00,873578,19206,291.00,577.00,868.00,577,291,0.00,0.00,0,0
1514578337,s1-eth2,8514.00,381528.00,390042.00,381528,8514,129.00,252.00,381.00,252,129,0.00,0.00,0,0
1514578337,s2-eth1,873578.00,19206.00,892784.00,19206,873578,577.00,291.00,868.00,291,577,0.00,0.00,0,0
1514578337,s2-eth3,9108.00,411808.00,420916.00,411808,9108,138.00,272.00,410.00,272,138,0.00,0.00,0,0
1514578337,s2-eth2,10032.00,461770.00,471802.00,461770,10032,152.00,305.00,457.00,305,152,0.00,0.00,0,0
1514578337,s3-eth1,411808.00,9108.00,420916.00,9108,411808,272.00,138.00,410.00,138,272,0.00,0.00,0,0
1514578337,s3-eth2,9108.00,413322.00,422430.00,413322,9108,138.00,273.00,411.00,273,138,0.00,0.00,0,0
1514578337,eth0,138.00,66.00,204.00,66,138,1.00,1.00,2.00,1,1,0.00,0.00,0,0
1514578337,lo,0.00,0.00,0.00,0,0,0.00,0.00,0.00,0,0,0.00,0.00,0,0
1514578337,total,2592874.00,2598106.00,5190980.00,2598106,2592874,2525.00,2529.00,5054.00,2529,2525,0.00,0.00,0,0
1514578338,s1-eth1,1250564.00,27852.00,1278416.00,27852,1250564,826.00,422.00,1248.00,422,826,0.00,0.00,0,0
1514578338,s1-eth3,19668.00,884176.00,903844.00,884176,19668,298.00,584.00,882.00,584,298,0.00,0.00,0,0
1514578338,s1-eth2,8118.00,366388.00,374506.00,366388,8118,123.00,242.00,365.00,242,123,0.00,0.00,0,0
1514578338,s2-eth1,884176.00,19668.00,903844.00,19668,884176,584.00,298.00,882.00,298,584,0.00,0.00,0,0
1514578338,s2-eth3,8910.00,386070.00,394980.00,386070,8910,135.00,255.00,390.00,255,135,0.00,0.00,0,0
1514578338,s2-eth2,10824.00,498106.00,508930.00,498106,10824,164.00,329.00,493.00,329,164,0.00,0.00,0,0
1514578338,s3-eth1,386070.00,8910.00,394980.00,8910,386070,255.00,135.00,390.00,135,255,0.00,0.00,0,0
1514578338,s3-eth2,8910.00,384556.00,393466.00,384556,8910,135.00,254.00,389.00,254,135,0.00,0.00,0,0
1514578338,eth0,138.00,66.00,204.00,66,138,1.00,1.00,2.00,1,1,0.00,0.00,0,0
1514578338,lo,0.00,0.00,0.00,0,0,0.00,0.00,0.00,0,0,0.00,0.00,0,0
1514578338,total,2577378.00,2575792.00,5153170.00,2575792,2577378,2521.00,2520.00,5041.00,2520,2521,0.00,0.00,0,0
1514578339,s1-eth1,1250854.00,32092.00,1282946.00,32092,1250854,827.00,464.00,1291.00,464,827,0.00,0.00,0,0
1514578339,s1-eth3,22984.00,823906.00,846890.00,823906,22984,326.00,545.00,871.00,545,326,0.00,0.00,0,0
1514578339,s1-eth2,9108.00,420892.00,430000.00,420892,9108,138.00,278.00,416.00,278,138,0.00,0.00,0,0
1514578339,s2-eth1,823906.00,22984.00,846890.00,22984,823906,545.00,326.00,871.00,326,545,0.00,0.00,0,0
1514578339,s2-eth3,11566.00,301576.00,313142.00,301576,11566,153.00,200.00,353.00,200,153,0.00,0.00,0,0
1514578339,s2-eth2,11418.00,522330.00,533748.00,522330,11418,173.00,345.00,518.00,345,173,0.00,0.00,0,0
1514578339,s3-eth1,301576.00,11566.00,313142.00,11566,301576,200.00,153.00,353.00,153,200,0.00,0.00,0,0
1514578339,s3-eth2,11500.00,306118.00,317618.00,306118,11500,152.00,203.00,355.00,203,152,0.00,0.00,0,0
1514578339,eth0,198.00,126.00,324.00,126,198,2.00,2.00,4.00,2,2,0.00,0.00,0,0
1514578339,lo,0.00,0.00,0.00,0,0,0.00,0.00,0.00,0,0,0.00,0.00,0,0
1514578339,total,2443110.00,2441590.00,4884700.00,2441590,2443110,2516.00,2516.00,5032.00,2516,2516,0.00,0.00,0,0
1514578340,s1-eth1,1249830.00,41234.00,1291064.00,41234,1249830,827.00,557.00,1384.00,557,827,0.00,0.00,0,0
1514578340,s1-eth3,27010.00,895554.00,922564.00,895554,27010,379.00,593.00,972.00,593,379,0.00,0.00,0,0
1514578340,s1-eth2,14290.00,349734.00,364024.00,349734,14290,179.00,231.00,410.00,231,179,0.00,0.00,0,0
1514578340,s2-eth1,895554.00,27010.00,922564.00,27010,895554,593.00,379.00,972.00,379,593,0.00,0.00,0,0
1514578340,s2-eth3,9702.00,458102.00,467804.00,458102,9702,147.00,303.00,450.00,303,147,0.00,0.00,0,0
1514578340,s2-eth2,17242.00,437452.00,454694.00,437452,17242,231.00,290.00,521.00,290,231,0.00,0.00,0,0
1514578340,s3-eth1,458102.00,9702.00,467804.00,9702,458102,303.00,147.00,450.00,147,303,0.00,0.00,0,0
1514578340,s3-eth2,9768.00,453560.00,463328.00,453560,9768,148.00,300.00,448.00,300,148,0.00,0.00,0,0
1514578340,eth0,138.00,66.00,204.00,66,138,1.00,1.00,2.00,1,1,0.00,0.00,0,0
1514578340,lo,0.00,0.00,0.00,0,0,0.00,0.00,0.00,0,0,0.00,0.00,0,0
1514578340,total,2681636.00,2672414.00,5354050.00,2672414,2681636,2808.00,2801.00,5609.00,2801,2808,0.00,0.00,0,0
1514578341,s1-eth1,1251382.00,27456.00,1278838.00,27456,1251382,827.00,416.00,1243.00,416,827,0.00,0.00,0,0
1514578341,s1-eth3,19668.00,916788.00,936456.00,916788,19668,298.00,606.00,904.00,606,298,0.00,0.00,0,0
1514578341,s1-eth2,7788.00,370930.00,378718.00,370930,7788,118.00,245.00,363.00,245,118,0.00,0.00,0,0
1514578341,s2-eth1,916788.00,19668.00,936456.00,19668,916788,606.00,298.00,904.00,298,606,0.00,0.00,0,0
1514578341,s2-eth3,9438.00,432308.00,441746.00,432308,9438,143.00,286.00,429.00,286,143,0.00,0.00,0,0
1514578341,s2-eth2,10230.00,484480.00,494710.00,484480,10230,155.00,320.00,475.00,320,155,0.00,0.00,0,0
1514578341,s3-eth1,432308.00,9438.00,441746.00,9438,432308,286.00,143.00,429.00,143,286,0.00,0.00,0,0
1514578341,s3-eth2,9438.00,432308.00,441746.00,432308,9438,143.00,286.00,429.00,286,143,0.00,0.00,0,0
1514578341,eth0,138.00,126.00,264.00,126,138,1.00,2.00,3.00,2,1,0.00,0.00,0,0
1514578341,lo,516.00,516.00,1032.00,516,516,9.00,9.00,18.00,9,9,0.00,0.00,0,0
1514578341,total,2657694.00,2694018.00,5351712.00,2694018,2657694,2586.00,2611.00,5197.00,2611,2586,0.00,0.00,0,0
1514578342,s1-eth1,1249462.00,34018.00,1283480.00,34018,1249462,827.00,489.00,1316.00,489,827,0.00,0.00,0,0
1514578342,s1-eth3,23518.00,912714.00,936232.00,912714,23518,341.00,605.00,946.00,605,341,0.00,0.00,0,0
1514578342,s1-eth2,10434.00,313398.00,323832.00,313398,10434,147.00,207.00,354.00,207,147,0.00,0.00,0,0
1514578342,s2-eth1,912714.00,23518.00,936232.00,23518,912714,605.00,341.00,946.00,341,605,0.00,0.00,0,0
1514578342,s2-eth3,10714.00,324174.00,334888.00,324174,10714,147.00,215.00,362.00,215,147,0.00,0.00,0,0
1514578342,s2-eth2,12870.00,590054.00,602924.00,590054,12870,195.00,391.00,586.00,391,195,0.00,0.00,0,0
1514578342,s3-eth1,324174.00,10714.00,334888.00,10714,324174,215.00,147.00,362.00,147,215,0.00,0.00,0,0
1514578342,s3-eth2,10714.00,324174.00,334888.00,324174,10714,147.00,215.00,362.00,215,147,0.00,0.00,0,0
1514578342,eth0,138.00,66.00,204.00,66,138,1.00,1.00,2.00,1,1,0.00,0.00,0,0
1514578342,lo,0.00,0.00,0.00,0,0,0.00,0.00,0.00,0,0,0.00,0.00,0,0
1514578342,total,2554738.00,2532830.00,5087568.00,2532830,2554738,2625.00,2611.00,5236.00,2611,2625,0.00,0.00,0,0
1514578343,s1-eth1,1250864.00,27654.00,1278518.00,27654,1250864,828.00,419.00,1247.00,419,828,0.00,0.00,0,0
1514578343,s1-eth3,19932.00,892686.00,912618.00,892686,19932,302.00,591.00,893.00,591,302,0.00,0.00,0,0
1514578343,s1-eth2,7788.00,358818.00,366606.00,358818,7788,118.00,237.00,355.00,237,118,0.00,0.00,0,0
1514578343,s2-eth1,892686.00,19932.00,912618.00,19932,892686,591.00,302.00,893.00,302,591,0.00,0.00,0,0
1514578343,s2-eth3,8712.00,402724.00,411436.00,402724,8712,132.00,266.00,398.00,266,132,0.00,0.00,0,0
1514578343,s2-eth2,11154.00,491476.00,502630.00,491476,11154,169.00,326.00,495.00,326,169,0.00,0.00,0,0
1514578343,s3-eth1,402724.00,8712.00,411436.00,8712,402724,266.00,132.00,398.00,132,266,0.00,0.00,0,0
1514578343,s3-eth2,8646.00,402724.00,411370.00,402724,8646,131.00,266.00,397.00,266,131,0.00,0.00,0,0
1514578343,eth0,138.00,66.00,204.00,66,138,1.00,1.00,2.00,1,1,0.00,0.00,0,0
1514578343,lo,0.00,0.00,0.00,0,0,0.00,0.00,0.00,0,0,0.00,0.00,0,0
1514578343,total,2602644.00,2604792.00,5207436.00,2604792,2602644,2538.00,2540.00,5078.00,2540,2538,0.00,0.00,0,0
1514578344,s1-eth1,1250686.00,27720.00,1278406.00,27720,1250686,827.00,420.00,1247.00,420,827,0.00,0.00,0,0
1514578344,s1-eth3,20724.00,960872.00,981596.00,960872,20724,314.00,636.00,950.00,636,314,0.00,0.00,0,0
1514578344,s1-eth2,6864.00,308856.00,315720.00,308856,6864,104.00,204.00,308.00,204,104,0.00,0.00,0,0
1514578344,s2-eth1,960872.00,20724.00,981596.00,20724,960872,636.00,314.00,950.00,314,636,0.00,0.00,0,0
1514578344,s2-eth3,8316.00,383042.00,391358.00,383042,8316,126.00,253.00,379.00,253,126,0.00,0.00,0,0
1514578344,s2-eth2,12474.00,577830.00,590304.00,577830,12474,189.00,383.00,572.00,383,189,0.00,0.00,0,0
1514578344,s3-eth1,383042.00,8316.00,391358.00,8316,383042,253.00,126.00,379.00,126,253,0.00,0.00,0,0
1514578344,s3-eth2,8382.00,383042.00,391424.00,383042,8382,127.00,253.00,380.00,253,127,0.00,0.00,0,0
1514578344,eth0,138.00,66.00,204.00,66,138,1.00,1.00,2.00,1,1,0.00,0.00,0,0
1514578344,lo,0.00,0.00,0.00,0,0,0.00,0.00,0.00,0,0,0.00,0.00,0,0
1514578344,total,2651498.00,2670468.00,5321966.00,2670468,2651498,2577.00,2590.00,5167.00,2590,2577,0.00,0.00,0,0
1514578345,s1-eth1,1250966.00,27522.00,1278488.00,27522,1250966,827.00,417.00,1244.00,417,827,0.00,0.00,0,0
1514578345,s1-eth3,19206.00,852784.00,871990.00,852784,19206,291.00,564.00,855.00,564,291,0.00,0.00,0,0
1514578345,s1-eth2,8448.00,383042.00,391490.00,383042,8448,128.00,253.00,381.00,253,128,0.00,0.00,0,0
1514578345,s2-eth1,852784.00,19206.00,871990.00,19206,852784,564.00,291.00,855.00,291,564,0.00,0.00,0,0
1514578345,s2-eth3,8778.00,388626.00,397404.00,388626,8778,133.00,257.00,390.00,257,133,0.00,0.00,0,0
1514578345,s2-eth2,10362.00,461130.00,471492.00,461130,10362,157.00,305.00,462.00,305,157,0.00,0.00,0,0
1514578345,s3-eth1,388626.00,8778.00,397404.00,8778,388626,257.00,133.00,390.00,133,257,0.00,0.00,0,0
1514578345,s3-eth2,8778.00,388626.00,397404.00,388626,8778,133.00,257.00,390.00,257,133,0.00,0.00,0,0
1514578345,eth0,138.00,66.00,204.00,66,138,1.00,1.00,2.00,1,1,0.00,0.00,0,0
1514578345,lo,0.00,0.00,0.00,0,0,0.00,0.00,0.00,0,0,0.00,0.00,0,0
1514578345,total,2548086.00,2529780.00,5077866.00,2529780,2548086,2491.00,2478.00,4969.00,2478,2491,0.00,0.00,0,0
1514578346,s1-eth1,1250046.00,27456.00,1277502.00,27456,1250046,827.00,416.00,1243.00,416,827,0.00,0.00,0,0
1514578346,s1-eth3,20526.00,956970.00,977496.00,956970,20526,311.00,633.00,944.00,633,311,0.00,0.00,0,0
1514578346,s1-eth2,6864.00,311884.00,318748.00,311884,6864,104.00,206.00,310.00,206,104,0.00,0.00,0,0
1514578346,s2-eth1,956970.00,20526.00,977496.00,20526,956970,633.00,311.00,944.00,311,633,0.00,0.00,0,0
1514578346,s2-eth3,9042.00,419378.00,428420.00,419378,9042,137.00,277.00,414.00,277,137,0.00,0.00,0,0
1514578346,s2-eth2,11484.00,540620.00,552104.00,540620,11484,174.00,358.00,532.00,358,174,0.00,0.00,0,0
1514578346,s3-eth1,419378.00,9042.00,428420.00,9042,419378,277.00,137.00,414.00,137,277,0.00,0.00,0,0
1514578346,s3-eth2,9042.00,419378.00,428420.00,419378,9042,137.00,277.00,414.00,277,137,0.00,0.00,0,0
1514578346,eth0,138.00,66.00,204.00,66,138,1.00,1.00,2.00,1,1,0.00,0.00,0,0
1514578346,lo,516.00,516.00,1032.00,516,516,9.00,9.00,18.00,9,9,0.00,0.00,0,0
1514578346,total,2684006.00,2705836.00,5389842.00,2705836,2684006,2610.00,2625.00,5235.00,2625,2610,0.00,0.00,0,0
1514578347,s1-eth1,1251794.00,27588.00,1279382.00,27588,1251794,829.00,418.00,1247.00,418,829,0.00,0.00,0,0
1514578347,s1-eth3,19404.00,873294.00,892698.00,873294,19404,294.00,579.00,873.00,579,294,0.00,0.00,0,0
1514578347,s1-eth2,8184.00,380014.00,388198.00,380014,8184,124.00,251.00,375.00,251,124,0.00,0.00,0,0
1514578347,s2-eth1,873294.00,19404.00,892698.00,19404,873294,579.00,294.00,873.00,294,579,0.00,0.00,0,0
1514578347,s2-eth3,8382.00,378734.00,387116.00,378734,8382,127.00,251.00,378.00,251,127,0.00,0.00,0,0
1514578347,s2-eth2,11088.00,491532.00,502620.00,491532,11088,168.00,326.00,494.00,326,168,0.00,0.00,0,0
1514578347,s3-eth1,378734.00,8382.00,387116.00,8382,378734,251.00,127.00,378.00,127,251,0.00,0.00,0,0
1514578347,s3-eth2,8382.00,378734.00,387116.00,378734,8382,127.00,251.00,378.00,251,127,0.00,0.00,0,0
1514578347,eth0,198.00,126.00,324.00,126,198,2.00,2.00,4.00,2,2,0.00,0.00,0,0
1514578347,lo,0.00,0.00,0.00,0,0,0.00,0.00,0.00,0,0,0.00,0.00,0,0
1514578347,total,2559460.00,2557808.00,5117268.00,2557808,2559460,2501.00,2499.00,5000.00,2499,2501,0.00,0.00,0,0
1514578348,eth0,1516.00,924.00,2440.00,924,1516,14.00,14.00,28.00,14,14,0.00,0.00,0,0
1514578348,lo,984.00,984.00,1968.00,984,984,14.00,14.00,28.00,14,14,0.00,0.00,0,0
1514578348,total,18446744073709551616.00,18446744073709551616.00,18446744073709551616.00,18446744073633283209,18446744073633715685,18446744073709475840.00,18446744073709475840.00,18446744073709400064.00,18446744073709475874,18446744073709476120,0.