1514578356,s1-eth1,0.00,0.00,0.00,0,0,0.00,0.00,0.00,0,0,0.00,0.00,0,0
1514578356,s1-eth3,0.00,0.00,0.00,0,0,0.00,0.00,0.00,0,0,0.00,0.00,0,0
1514578356,s1-eth2,0.00,0.00,0.00,0,0,0.00,0.00,0.00,0,0,0.00,0.00,0,0
1514578356,s2-eth1,0.00,0.00,0.00,0,0,0.00,0.00,0.00,0,0,0.00,0.00,0,0
1514578356,s2-eth3,0.00,0.00,0.00,0,0,0.00,0.00,0.00,0,0,0.00,0.00,0,0
1514578356,s2-eth2,0.00,0.00,0.00,0,0,0.00,0.00,0.00,0,0,0.00,0.00,0,0
1514578356,s3-eth1,0.00,0.00,0.00,0,0,0.00,0.00,0.00,0,0,0.00,0.00,0,0
1514578356,s3-eth3,0.00,0.00,0.00,0,0,0.00,0.00,0.00,0,0,0.00,0.00,0,0
1514578356,s3-eth2,0.00,0.00,0.00,0,0,0.00,0.00,0.00,0,0,0.00,0.00,0,0
1514578356,eth0,0.00,0.00,0.00,0,0,0.00,0.00,0.00,0,0,0.00,0.00,0,0
1514578356,lo,0.00,0.00,0.00,0,0,0.00,0.00,0.00,0,0,0.00,0.00,0,0
1514578356,s4-eth1,0.00,0.00,0.00,0,0,0.00,0.00,0.00,0,0,0.00,0.00,0,0
1514578356,s4-eth2,0.00,0.00,0.00,0,0,0.00,0.00,0.00,0,0,0.00,0.00,0,0
1514578356,total,0.00,0.00,0.00,0,0,0.00,0.00,0.00,0,0,0.00,0.00,0,0
1514578357,s1-eth1,1253474.00,28404.00,1281878.00,28404,1253474,833.00,430.00,1263.00,430,833,0.00,0.00,0,0
1514578357,s1-eth3,21540.00,957304.00,978844.00,957304,21540,326.00,636.00,962.00,636,326,0.00,0.00,0,0
1514578357,s1-eth2,7044.00,312824.00,319868.00,312824,7044,106.00,208.00,314.00,208,106,0.00,0.00,0,0
1514578357,s2-eth1,957304.00,21540.00,978844.00,21540,957304,636.00,326.00,962.00,326,636,0.00,0.00,0,0
1514578357,s2-eth3,15756.00,693656.00,709412.00,693656,15756,238.00,460.00,698.00,460,238,0.00,0.00,0,0
1514578357,s2-eth2,5964.00,263648.00,269612.00,263648,5964,90.00,176.00,266.00,176,90,0.00,0.00,0,0
1514578357,s3-eth1,693656.00,15756.00,709412.00,15756,693656,460.00,238.00,698.00,238,460,0.00,0.00,0,0
1514578357,s3-eth3,7968.00,349160.00,357128.00,349160,7968,120.00,232.00,352.00,232,120,0.00,0.00,0,0
1514578357,s3-eth2,7902.00,344496.00,352398.00,344496,7902,119.00,228.00,347.00,228,119,0.00,0.00,0,0
1514578357,eth0,138.00,126.00,264.00,126,138,1.00,2.00,3.00,2,1,0.00,0.00,0,0
1514578357,lo,2304.00,2304.00,4608.00,2304,2304,24.00,24.00,48.00,24,24,0.00,0.00,0,0
1514578357,s4-eth1,349160.00,7968.00,357128.00,7968,349160,232.00,120.00,352.00,120,232,0.00,0.00,0,0
1514578357,s4-eth2,8034.00,349160.00,357194.00,349160,8034,121.00,232.00,353.00,232,121,0.00,0.00,0,0
1514578357,total,3330244.00,3346346.00,6676590.00,3346346,3330244,3306.00,3312.00,6618.00,3312,3306,0.00,0.00,0,0
1514578358,s1-eth1,1249594.00,28710.00,1278304.00,28710,1249594,829.00,435.00,1264.00,435,829,0.00,0.00,0,0
1514578358,s1-eth3,21978.00,987550.00,1009528.00,987550,21978,333.00,655.00,988.00,655,333,0.00,0.00,0,0
1514578358,s1-eth2,6732.00,296866.00,303598.00,296866,6732,102.00,197.00,299.00,197,102,0.00,0.00,0,0
1514578358,s2-eth1,987550.00,21978.00,1009528.00,21978,987550,655.00,333.00,988.00,333,655,0.00,0.00,0,0
1514578358,s2-eth3,15840.00,714908.00,730748.00,714908,15840,240.00,474.00,714.00,474,240,0.00,0.00,0,0
1514578358,s2-eth2,6072.00,272642.00,278714.00,272642,6072,92.00,181.00,273.00,181,92,0.00,0.00,0,0
1514578358,s3-eth1,714908.00,15840.00,730748.00,15840,714908,474.00,240.00,714.00,240,474,0.00,0.00,0,0
1514578358,s3-eth3,8118.00,368842.00,376960.00,368842,8118,123.00,245.00,368.00,245,123,0.00,0.00,0,0
1514578358,s3-eth2,7788.00,346066.00,353854.00,346066,7788,118.00,229.00,347.00,229,118,0.00,0.00,0,0
1514578358,eth0,138.00,66.00,204.00,66,138,1.00,1.00,2.00,1,1,0.00,0.00,0,0
1514578358,lo,0.00,0.00,0.00,0,0,0.00,0.00,0.00,0,0,0.00,0.00,0,0
1514578358,s4-eth1,368842.00,8118.00,376960.00,8118,368842,245.00,123.00,368.00,123,245,0.00,0.00,0,0
1514578358,s4-eth2,8118.00,368842.00,376960.00,368842,8118,123.00,245.00,368.00,245,123,0.00,0.00,0,0
1514578358,total,3395678.00,3430428.00,6826106.00,3430428,3395678,3335.00,3358.00,6693.00,3358,3335,0.00,0.00,0,0
1514578359,s1-eth1,1251960.00,28644.00,1280604.00,28644,1251960,832.00,434.00,1266.00,434,832,0.00,0.00,0,0
1514578359,s1-eth3,21978.00,968024.00,990002.00,968024,21978,333.00,644.00,977.00,644,333,0.00,0.00,0,0
1514578359,s1-eth2,6756.00,297684.00,304440.00,297684,6756,102.00,198.00,300.00,198,102,0.00,0.00,0,0
1514578359,s2-eth1,968024.00,21978.00,990002.00,21978,968024,644.00,333.00,977.00,333,644,0.00,0.00,0,0
1514578359,s2-eth3,15972.00,715064.00,731036.00,715064,15972,242.00,476.00,718.00,476,242,0.00,0.00,0,0
1514578359,s2-eth2,6162.00,254474.00,260636.00,254474,6162,93.00,169.00,262.00,169,93,0.00,0.00,0,0
1514578359,s3-eth1,715064.00,15972.00,731036.00,15972,715064,476.00,242.00,718.00,242,476,0.00,0.00,0,0
1514578359,s3-eth3,8340.00,368842.00,377182.00,368842,8340,126.00,245.00,371.00,245,126,0.00,0.00,0,0
1514578359,s3-eth2,7656.00,347736.00,355392.00,347736,7656,116.00,232.00,348.00,232,116,0.00,0.00,0,0
1514578359,eth0,138.00,66.00,204.00,66,138,1.00,1.00,2.00,1,1,0.00,0.00,0,0
1514578359,lo,1152.00,1152.00,2304.00,1152,1152,12.00,12.00,24.00,12,12,0.00,0.00,0,0
1514578359,s4-eth1,368842.00,8340.00,377182.00,8340,368842,245.00,126.00,371.00,126,245,0.00,0.00,0,0
1514578359,s4-eth2,8340.00,368842.00,377182.00,368842,8340,126.00,245.00,371.00,245,126,0.00,0.00,0,0
1514578359,total,3380384.00,3396818.00,6777202.00,3396818,3380384,3348.00,3357.00,6705.00,3357,3348,0.00,0.00,0,0
1514578360,s1-eth1,1250636.00,28846.00,1279482.00,28846,1250636,834.00,437.00,1271.00,437,834,0.00,0.00,0,0
1514578360,s1-eth3,22112.00,984924.00,1007036.00,984924,22112,336.00,660.00,996.00,660,336,0.00,0.00,0,0
1514578360,s1-eth2,7336.00,310688.00,318024.00,310688,7336,112.00,210.00,322.00,210,112,0.00,0.00,0,0
1514578360,s2-eth1,984924.00,22112.00,1007036.00,22112,984924,660.00,336.00,996.00,336,660,0.00,0.00,0,0
1514578360,s2-eth3,16020.00,709226.00,725246.00,709226,16020,244.00,477.00,721.00,477,244,0.00,0.00,0,0
1514578360,s2-eth2,6610.00,286464.00,293074.00,286464,6610,101.00,194.00,295.00,194,101,0.00,0.00,0,0
1514578360,s3-eth1,709226.00,16020.00,725246.00,16020,709226,477.00,244.00,721.00,244,477,0.00,0.00,0,0
1514578360,s3-eth3,8392.00,381150.00,389542.00,381150,8392,128.00,257.00,385.00,257,128,0.00,0.00,0,0
1514578360,s3-eth2,8128.00,334216.00,342344.00,334216,8128,124.00,226.00,350.00,226,124,0.00,0.00,0,0
1514578360,eth0,138.00,66.00,204.00,66,138,1.00,1.00,2.00,1,1,0.00,0.00,0,0
1514578360,lo,14104.00,14104.00,28208.00,14104,14104,142.00,142.00,284.00,142,142,0.00,0.00,0,0
1514578360,s4-eth1,381150.00,8392.00,389542.00,8392,381150,257.00,128.00,385.00,128,257,0.00,0.00,0,0
1514578360,s4-eth2,8392.00,381150.00,389542.00,381150,8392,128.00,257.00,385.00,257,128,0.00,0.00,0,0
1514578360,total,3417168.00,3477358.00,6894526.00,3477358,3417168,3544.00,3569.00,7113.00,3569,3544,0.00,0.00,0,0
1514578361,s1-eth1,1249538.00,34846.00,1284384.00,34846,1249538,829.00,501.00,1330.00,501,829,0.00,0.00,0,0
1514578361,s1-eth3,26004.00,964784.00,990788.00,964784,26004,382.00,640.00,1022.00,640,382,0.00,0.00,0,0
1514578361,s1-eth2,8908.00,263558.00,272466.00,263558,8908,120.00,175.00,295.00,175,120,0.00,0.00,0,0
1514578361,s2-eth1,964784.00,26004.00,990788.00,26004,964784,640.00,382.00,1022.00,382,640,0.00,0.00,0,0
1514578361,s2-eth3,18810.00,691446.00,710256.00,691446,18810,273.00,459.00,732.00,459,273,0.00,0.00,0,0
1514578361,s2-eth2,7128.00,339258.00,346386.00,339258,7128,108.00,225.00,333.00,225,108,0.00,0.00,0,0
1514578361,s3-eth1,691446.00,18810.00,710256.00,18810,691446,459.00,273.00,732.00,273,459,0.00,0.00,0,0
1514578361,s3-eth3,10626.00,308978.00,319604.00,308978,10626,149.00,205.00,354.00,205,149,0.00,0.00,0,0
1514578361,s3-eth2,8184.00,379440.00,387624.00,379440,8184,124.00,252.00,376.00,252,124,0.00,0.00,0,0
1514578361,eth0,138.00,66.00,204.00,66,138,1.00,1.00,2.00,1,1,0.00,0.00,0,0
1514578361,lo,0.00,0.00,0.00,0,0,0.00,0.00,0.00,0,0,0.00,0.00,0,0
1514578361,s4-eth1,308978.00,10626.00,319604.00,10626,308978,205.00,149.00,354.00,149,205,0.00,0.00,0,0
1514578361,s4-eth2,10626.00,308978.00,319604.00,308978,10626,149.00,205.00,354.00,205,149,0.00,0.00,0,0
1514578361,total,3305170.00,3346794.00,6651964.00,3346794,3305170,3439.00,3467.00,6906.00,3467,3439,0.00,0.00,0,0
1514578362,s1-eth1,1251870.00,46478.00,1298348.00,46478,1251870,831.00,603.00,1434.00,603,831,0.00,0.00,0,0
1514578362,s1-eth3,38026.00,1022316.00,1060342.00,1022316,38026,495.00,678.00,1173.00,678,495,0.00,0.00,0,0
1514578362,s1-eth2,8386.00,233156.00,241542.00,233156,8386,107.00,154.00,261.00,154,107,0.00,0.00,0,0
1514578362,s2-eth1,1022316.00,38026.00,1060342.00,38026,1022316,678.00,495.00,1173.00,495,678,0.00,0.00,0,0
1514578362,s2-eth3,25114.00,684450.00,709564.00,684450,25114,331.00,453.00,784.00,453,331,0.00,0.00,0,0
1514578362,s2-eth2,12912.00,346132.00,359044.00,346132,12912,164.00,230.00,394.00,230,164,0.00,0.00,0,0
1514578362,s3-eth1,684450.00,25114.00,709564.00,25114,684450,453.00,331.00,784.00,331,453,0.00,0.00,0,0
1514578362,s3-eth3,10520.00,277062.00,287582.00,277062,10520,140.00,183.00,323.00,183,140,0.00,0.00,0,0
1514578362,s3-eth2,14594.00,402846.00,417440.00,402846,14594,191.00,267.00,458.00,267,191,0.00,0.00,0,0
1514578362,eth0,138.00,66.00,204.00,66,138,1.00,1.00,2.00,1,1,0.00,0.00,0,0
1514578362,lo,0.00,0.00,0.00,0,0,0.00,0.00,0.00,0,0,0.00,0.00,0,0
1514578362,s4-eth1,277062.00,10520.00,287582.00,10520,277062,183.00,140.00,323.00,140,183,0.00,0.00,0,0
1514578362,s4-eth2,10520.00,277062.00,287582.00,277062,10520,140.00,183.00,323.00,183,140,0.00,0.00,0,0
1514578362,total,3355908.00,3363228.00,6719136.00,3363228,3355908,3714.00,3718.00,7432.00,3718,3714,0.00,0.00,0,0
1514578363,s1-eth1,1250654.00,29508.00,1280162.00,29508,1250654,827.00,446.00,1273.00,446,827,0.00,0.00,0,0
1514578363,s1-eth3,24180.00,1144584.00,1168764.00,1144584,24180,366.00,756.00,1122.00,756,366,0.00,0.00,0,0
1514578363,s1-eth2,5418.00,234760.00,240178.00,234760,5418,81.00,156.00,237.00,156,81,0.00,0.00,0,0
1514578363,s2-eth1,1144584.00,24180.00,1168764.00,24180,1144584,756.00,366.00,1122.00,366,756,0.00,0.00,0,0
1514578363,s2-eth3,14544.00,660104.00,674648.00,660104,14544,220.00,436.00,656.00,436,220,0.00,0.00,0,0
1514578363,s2-eth2,9792.00,401210.00,411002.00,401210,9792,148.00,265.00,413.00,265,148,0.00,0.00,0,0
1514578363,s3-eth1,660104.00,14544.00,674648.00,14544,660104,436.00,220.00,656.00,220,436,0.00,0.00,0,0
1514578363,s3-eth3,6690.00,286146.00,292836.00,286146,6690,101.00,189.00,290.00,189,101,0.00,0.00,0,0
1514578363,s3-eth2,7944.00,373958.00,381902.00,373958,7944,120.00,247.00,367.00,247,120,0.00,0.00,0,0
1514578363,eth0,138.00,66.00,204.00,66,138,1.00,1.00,2.00,1,1,0.00,0.00,0,0
1514578363,lo,1152.00,1152.00,2304.00,1152,1152,12.00,12.00,24.00,12,12,0.00,0.00,0,0
1514578363,s4-eth1,286146.00,6690.00,292836.00,6690,286146,189.00,101.00,290.00,101,189,0.00,0.00,0,0
1514578363,s4-eth2,6690.00,286146.00,292836.00,286146,6690,101.00,189.00,290.00,189,101,0.00,0.00,0,0
1514578363,total,3418036.00,3463048.00,6881084.00,3463048,3418036,3358.00,3384.00,6742.00,3384,3358,0.00,0.00,0,0
1514578364,s1-eth1,1249330.00,34696.00,1284026.00,34696,1249330,829.00,496.00,1325.00,496,829,0.00,0.00,0,0
1514578364,s1-eth3,28016.00,1063038.00,1091054.00,1063038,28016,404.00,705.00,1109.00,705,404,0.00,0.00,0,0
1514578364,s1-eth2,7030.00,172666.00,179696.00,172666,7030,97.00,115.00,212.00,115,97,0.00,0.00,0,0
1514578364,s2-eth1,1063038.00,28016.00,1091054.00,28016,1063038,705.00,404.00,1109.00,404,705,0.00,0.00,0,0
1514578364,s2-eth3,16578.00,742000.00,758578.00,742000,16578,251.00,492.00,743.00,492,251,0.00,0.00,0,0
1514578364,s2-eth2,11788.00,318010.00,329798.00,318010,11788,158.00,211.00,369.00,211,158,0.00,0.00,0,0
1514578364,s3-eth1,742000.00,16578.00,758578.00,16578,742000,492.00,251.00,743.00,251,492,0.00,0.00,0,0
1514578364,s3-eth3,6550.00,289244.00,295794.00,289244,6550,99.00,192.00,291.00,192,99,0.00,0.00,0,0
1514578364,s3-eth2,10312.00,452756.00,463068.00,452756,10312,156.00,300.00,456.00,300,156,0.00,0.00,0,0
1514578364,eth0,138.00,66.00,204.00,66,138,1.00,1.00,2.00,1,1,0.00,0.00,0,0
1514578364,lo,5360.00,5360.00,10720.00,5360,5360,60.00,60.00,120.00,60,60,0.00,0.00,0,0
1514578364,s4-eth1,289244.00,6550.00,295794.00,6550,289244,192.00,99.00,291.00,99,192,0.00,0.00,0,0
1514578364,s4-eth2,6550.00,289244.00,295794.00,289244,6550,99.00,192.00,291.00,192,99,0.00,0.00,0,0
1514578364,total,3435934.00,3418224.00,6854158.00,3418224,3435934,3543.00,3518.00,7061.00,3518,3543,0.00,0.00,0,0
1514578365,s1-eth1,1252078.00,27720.00,1279798.00,27720,1252078,827.00,420.00,1247.00,420,827,0.00,0.00,0,0
1514578365,s1-eth3,23826.00,1082856.00,1106682.00,1082856,23826,361.00,716.00,1077.00,716,361,0.00,0.00,0,0
1514578365,s1-eth2,3894.00,175624.00,179518.00,175624,3894,59.00,116.00,175.00,116,59,0.00,0.00,0,0
1514578365,s2-eth1,1082856.00,23826.00,1106682.00,23826,1082856,716.00,361.00,1077.00,361,716,0.00,0.00,0,0
1514578365,s2-eth3,16104.00,730094.00,746198.00,730094,16104,244.00,483.00,727.00,483,244,0.00,0.00,0,0
1514578365,s2-eth2,7722.00,352762.00,360484.00,352762,7722,117.00,233.00,350.00,233,117,0.00,0.00,0,0
1514578365,s3-eth1,730094.00,16104.00,746198.00,16104,730094,483.00,244.00,727.00,244,483,0.00,0.00,0,0
1514578365,s3-eth3,6138.00,277062.00,283200.00,277062,6138,93.00,183.00,276.00,183,93,0.00,0.00,0,0
1514578365,s3-eth2,10032.00,456060.00,466092.00,456060,10032,152.00,302.00,454.00,302,152,0.00,0.00,0,0
1514578365,eth0,138.00,66.00,204.00,66,138,1.00,1.00,2.00,1,1,0.00,0.00,0,0
1514578365,lo,0.00,0.00,0.00,0,0,0.00,0.00,0.00,0,0,0.00,0.00,0,0
1514578365,s4-eth1,277062.00,6138.00,283200.00,6138,277062,183.00,93.00,276.00,93,183,0.00,0.00,0,0
1514578365,s4-eth2,6138.00,277062.00,283200.00,277062,6138,93.00,183.00,276.00,183,93,0.00,0.00,0,0
1514578365,total,3416082.00,3425374.00,6841456.00,3425374,3416082,3329.00,3335.00,6664.00,3335,3329,0.00,0.00,0,0
1514578366,s1-eth1,1249396.00,29520.00,1278916.00,29520,1249396,826.00,442.00,1268.00,442,826,0.00,0.00,0,0
1514578366,s1-eth3,24486.00,1107608.00,1132094.00,1107608,24486,371.00,732.00,1103.00,732,371,0.00,0.00,0,0
1514578366,s1-eth2,5100.00,145344.00,150444.00,145344,5100,72.00,96.00,168.00,96,72,0.00,0.00,0,0
1514578366,s2-eth1,1107608.00,24486.00,1132094.00,24486,1107608,732.00,371.00,1103.00,371,732,0.00,0.00,0,0
1514578366,s2-eth3,15444.00,692772.00,708216.00,692772,15444,234.00,458.00,692.00,458,234,0.00,0.00,0,0
1514578366,s2-eth2,9042.00,414836.00,423878.00,414836,9042,137.00,274.00,411.00,274,137,0.00,0.00,0,0
1514578366,s3-eth1,692772.00,15444.00,708216.00,15444,692772,458.00,234.00,692.00,234,458,0.00,0.00,0,0
1514578366,s3-eth3,6336.00,287660.00,293996.00,287660,6336,96.00,190.00,286.00,190,96,0.00,0.00,0,0
1514578366,s3-eth2,9042.00,405112.00,414154.00,405112,9042,137.00,268.00,405.00,268,137,0.00,0.00,0,0
1514578366,eth0,138.00,66.00,204.00,66,138,1.00,1.00,2.00,1,1,0.00,0.00,0,0
1514578366,lo,0.00,0.00,0.00,0,0,0.00,0.00,0.00,0,0,0.00,0.00,0,0
1514578366,s4-eth1,287660.00,6336.00,293996.00,6336,287660,190.00,96.00,286.00,96,190,0.00,0.00,0,0
1514578366,s4-eth2,6336.00,287660.00,293996.00,287660,6336,96.00,190.00,286.00,190,96,0.00,0.00,0,0
1514578366,total,3413360.00,3416844.00,6830204.00,3416844,3413360,3350.00,3352.00,6702.00,3352,3350,0.00,0.00,0,0
1514578367,s1-eth1,1251438.00,29244.00,1280682.00,29244,1251438,827.00,438.00,1265.00,438,827,0.00,0.00,0,0
1514578367,s1-eth3,24354.00,1119720.00,1144074.00,1119720,24354,369.00,740.00,1109.00,740,369,0.00,0.00,0,0
1514578367,s1-eth2,4890.00,140802.00,145692.00,140802,4890,69.00,93.00,162.00,93,69,0.00,0.00,0,0
1514578367,s2-eth1,1119720.00,24354.00,1144074.00,24354,1119720,740.00,369.00,1109.00,369,740,0.00,0.00,0,0
1514578367,s2-eth3,16236.00,756360.00,772596.00,756360,16236,246.00,500.00,746.00,500,246,0.00,0.00,0,0
1514578367,s2-eth2,8052.00,364874.00,372926.00,364874,8052,122.00,241.00,363.00,241,122,0.00,0.00,0,0
1514578367,s3-eth1,756360.00,16236.00,772596.00,16236,756360,500.00,246.00,746.00,246,500,0.00,0.00,0,0
1514578367,s3-eth3,6600.00,301286.00,307886.00,301286,6600,100.00,199.00,299.00,199,100,0.00,0.00,0,0
1514578367,s3-eth2,9702.00,453560.00,463262.00,453560,9702,147.00,300.00,447.00,300,147,0.00,0.00,0,0
1514578367,eth0,138.00,66.00,204.00,66,138,1.00,1.00,2.00,1,1,0.00,0.00,0,0
1514578367,lo,0.00,0.00,0.00,0,0,0.00,0.00,0.00,0,0,0.00,0.00,0,0
1514578367,s4-eth1,301286.00,6600.00,307886.00,6600,301286,199.00,100.00,299.00,100,199,0.00,0.00,0,0
1514578367,s4-eth2,6600.00,304314.00,310914.00,304314,6600,100.00,201.00,301.00,201,100,0.00,0.00,0,0
1514578367,total,3505376.00,3517416.00,7022792.00,3517416,3505376,3420.00,3428.00,6848.00,3428,3420,0.00,0.00,0,0
1514578368,s1-eth1,1250742.00,30994.00,1281736.00,30994,1250742,827.00,453.00,1280.00,453,827,0.00,0.00,0,0
1514578368,s1-eth3,27666.00,1086356.00,1114022.00,1086356,27666,403.00,718.00,1121.00,718,403,0.00,0.00,0,0
1514578368,s1-eth2,3234.00,134746.00,137980.00,134746,3234,49.00,89.00,138.00,89,49,0.00,0.00,0,0
1514578368,s2-eth1,1086356.00,27666.00,1114022.00,27666,1086356,718.00,403.00,1121.00,403,718,0.00,0.00,0,0
1514578368,s2-eth3,19652.00,722996.00,742648.00,722996,19652,282.00,478.00,760.00,478,282,0.00,0.00,0,0
1514578368,s2-eth2,7986.00,364874.00,372860.00,364874,7986,121.00,241.00,362.00,241,121,0.00,0.00,0,0
1514578368,s3-eth1,722996.00,19652.00,742648.00,19652,722996,478.00,282.00,760.00,282,478,0.00,0.00,0,0
1514578368,s3-eth3,7656.00,358818.00,366474.00,358818,7656,116.00,237.00,353.00,237,116,0.00,0.00,0,0
1514578368,s3-eth2,11902.00,362664.00,374566.00,362664,11902,165.00,240.00,405.00,240,165,0.00,0.00,0,0
1514578368,eth0,138.00,66.00,204.00,66,138,1.00,1.00,2.00,1,1,0.00,0.00,0,0
1514578368,lo,688.00,688.00,1376.00,688,688,12.00,12.00,24.00,12,12,0.00,0.00,0,0
1514578368,s4-eth1,358818.00,7656.00,366474.00,7656,358818,237.00,116.00,353.00,116,237,0.00,0.00,0,0
1514578368,s4-eth2,7656.00,355790.00,363446.00,355790,7656,116.00,235.00,351.00,235,116,0.00,0.00,0,0
1514578368,total,3505490.00,3472966.00,6978456.00,3472966,3505490,3525.00,3505.00,7030.00,3505,3525,0.00,0.00,0,0
1514578369,s1-eth1,1250316.00,31230.00,1281546.00,31230,1250316,826.00,457.00,1283.00,457,826,0.00,0.00,0,0
1514578369,s1-eth3,27346.00,1155752.00,1183098.00,1155752,27346,401.00,764.00,1165.00,764,401,0.00,0.00,0,0
1514578369,s1-eth2,3978.00,134746.00,138724.00,134746,3978,57.00,89.00,146.00,89,57,0.00,0.00,0,0
1514578369,s2-eth1,1155752.00,27346.00,1183098.00,27346,1155752,764.00,401.00,1165.00,401,764,0.00,0.00,0,0
1514578369,s2-eth3,19124.00,769682.00,788806.00,769682,19124,276.00,509.00,785.00,509,276,0.00,0.00,0,0
1514578369,s2-eth2,8250.00,383042.00,391292.00,383042,8250,125.00,253.00,378.00,253,125,0.00,0.00,0,0
1514578369,s3-eth1,769682.00,19124.00,788806.00,19124,769682,509.00,276.00,785.00,276,509,0.00,0.00,0,0
1514578369,s3-eth3,7854.00,354846.00,362700.00,354846,7854,119.00,235.00,354.00,235,119,0.00,0.00,0,0
1514578369,s3-eth2,11364.00,414836.00,426200.00,414836,11364,158.00,274.00,432.00,274,158,0.00,0.00,0,0
1514578369,eth0,138.00,66.00,204.00,66,138,1.00,1.00,2.00,1,1,0.00,0.00,0,0
1514578369,lo,0.00,0.00,0.00,0,0,0.00,0.00,0.00,0,0,0.00,0.00,0,0
1514578369,s4-eth1,354846.00,7854.00,362700.00,7854,354846,235.00,119.00,354.00,119,235,0.00,0.00,0,0
1514578369,s4-eth2,7854.00,354846.00,362700.00,354846,7854,119.00,235.00,354.00,235,119,0.00,0.00,0,0
1514578369,total,3616504.00,3653370.00,7269874.00,3653370,3616504,3590.00,3613.00,7203.00,3613,3590,0.00,0.00,0,0
1514578370,s1-eth1,1251382.00,41752.00,1293134.00,41752,1251382,827.00,576.00,1403.00,576,827,0.00,0.00,0,0
1514578370,s1-eth3,36258.00,976530.00,1012788.00,976530,36258,499.00,645.00,1144.00,645,499,0.00,0.00,0,0
1514578370,s1-eth2,5494.00,136260.00,141754.00,136260,5494,77.00,90.00,167.00,90,77,0.00,0.00,0,0
1514578370,s2-eth1,976530.00,36258.00,1012788.00,36258,976530,645.00,499.00,1144.00,499,645,0.00,0.00,0,0
1514578370,s2-eth3,23934.00,705524.00,729458.00,705524,23934,333.00,466.00,799.00,466,333,0.00,0.00,0,0
1514578370,s2-eth2,12390.00,370930.00,383320.00,370930,12390,167.00,245.00,412.00,245,167,0.00,0.00,0,0
1514578370,s3-eth1,705524.00,23934.00,729458.00,23934,705524,466.00,333.00,799.00,333,466,0.00,0.00,0,0
1514578370,s3-eth3,11556.00,361846.00,373402.00,361846,11556,162.00,239.00,401.00,239,162,0.00,0.00,0,0
1514578370,s3-eth2,12378.00,343678.00,356056.00,343678,12378,171.00,227.00,398.00,227,171,0.00,0.00,0,0
1514578370,eth0,138.00,66.00,204.00,66,138,1.00,1.00,2.00,1,1,0.00,0.00,0,0
1514578370,lo,0.00,0.00,0.00,0,0,0.00,0.00,0.00,0,0,0.00,0.00,0,0
1514578370,s4-eth1,361846.00,11556.00,373402.00,11556,361846,239.00,162.00,401.00,162,239,0.00,0.00,0,0
1514578370,s4-eth2,11556.00,361846.00,373402.00,361846,11556,162.00,239.00,401.00,239,162,0.00,0.00,0,0
1514578370,total,3408986.00,3370180.00,6779166.00,3370180,3408986,3749.00,3722.00,7471.00,3722,3749,0.00,0.00,0,0
1514578371,s1-eth1,1250564.00,27522.00,1278086.00,27522,1250564,826.00,417.00,1243.00,417,826,0.00,0.00,0,0
1514578371,s1-eth3,24552.00,1250564.00,1275116.00,1250564,24552,372.00,826.00,1198.00,826,372,0.00,0.00,0,0
1514578371,s1-eth2,2970.00,131718.00,134688.00,131718,2970,45.00,87.00,132.00,87,45,0.00,0.00,0,0
1514578371,s2-eth1,1250564.00,24552.00,1275116.00,24552,1250564,826.00,372.00,1198.00,372,826,0.00,0.00,0,0
1514578371,s2-eth3,16434.00,770626.00,787060.00,770626,16434,249.00,509.00,758.00,509,249,0.00,0.00,0,0
1514578371,s2-eth2,8052.00,389098.00,397150.00,389098,8052,122.00,257.00,379.00,257,122,0.00,0.00,0,0
1514578371,s3-eth1,770626.00,16434.00,787060.00,16434,770626,509.00,249.00,758.00,249,509,0.00,0.00,0,0
1514578371,s3-eth3,8448.00,398182.00,406630.00,398182,8448,128.00,263.00,391.00,263,128,0.00,0.00,0,0
1514578371,s3-eth2,7986.00,372444.00,380430.00,372444,7986,121.00,246.00,367.00,246,121,0.00,0.00,0,0
1514578371,eth0,198.00,126.00,324.00,126,198,2.00,2.00,4.00,2,2,0.00,0.00,0,0
1514578371,lo,0.00,0.00,0.00,0,0,0.00,0.00,0.00,0,0,0.00,0.00,0,0
1514578371,s4-eth1,398182.00,8448.00,406630.00,8448,398182,263.00,128.00,391.00,128,263,0.00,0.00,0,0
1514578371,s4-eth2,8448.00,398182.00,406630.00,398182,8448,128.00,263.00,391.00,263,128,0.00,0.00,0,0
1514578371,total,3747024.00,3787896.00,7534920.00,3787896,3747024,3591.00,3619.00,7210.00,3619,3591,0.00,0.00,0,0
1514578372,s1-eth1,1250102.00,27654.00,1277756.00,27654,1250102,827.00,419.00,1246.00,419,827,0.00,0.00,0,0
1514578372,s1-eth3,25278.00,1160080.00,1185358.00,1160080,25278,383.00,768.00,1151.00,768,383,0.00,0.00,0,0
1514578372,s1-eth2,2310.00,101438.00,103748.00,101438,2310,35.00,67.00,102.00,67,35,0.00,0.00,0,0
1514578372,s2-eth1,1160080.00,25278.00,1185358.00,25278,1160080,768.00,383.00,1151.00,383,768,0.00,0.00,0,0
1514578372,s2-eth3,16500.00,749786.00,766286.00,749786,16500,250.00,497.00,747.00,497,250,0.00,0.00,0,0
1514578372,s2-eth2,8844.00,402724.00,411568.00,402724,8844,134.00,266.00,400.00,266,134,0.00,0.00,0,0
1514578372,s3-eth1,749786.00,16500.00,766286.00,16500,749786,497.00,250.00,747.00,250,497,0.00,0.00,0,0
1514578372,s3-eth3,7986.00,360688.00,368674.00,360688,7986,121.00,240.00,361.00,240,121,0.00,0.00,0,0
1514578372,s3-eth2,8514.00,390612.00,399126.00,390612,8514,129.00,258.00,387.00,258,129,0.00,0.00,0,0
1514578372,eth0,138.00,66.00,204.00,66,138,1.00,1.00,2.00,1,1,0.00,0.00,0,0
1514578372,lo,0.00,0.00,0.00,0,0,0.00,0.00,0.00,0,0,0.00,0.00,0,0
1514578372,s4-eth1,360688.00,7986.00,368674.00,7986,360688,240.00,121.00,361.00,121,240,0.00,0.00,0,0
1514578372,s4-eth2,7920.00,360688.00,368608.00,360688,7920,120.00,240.00,360.00,240,120,0.00,0.00,0,0
1514578372,total,3598146.00,3603500.00,7201646.00,3603500,3598146,3505.00,3510.00,7015.00,3510,3505,0.00,0.00,0,0
1514578373,s1-eth1,1251504.00,27720.00,1279224.00,27720,1251504,828.00,420.00,1248.00,420,828,0.00,0.00,0,0
1514578373,s1-eth3,25278.00,1138650.00,1163928.00,1138650,25278,383.00,753.00,1136.00,753,383,0.00,0.00,0,0
1514578373,s1-eth2,2442.00,105980.00,108422.00,105980,2442,37.00,70.00,107.00,70,37,0.00,0.00,0,0
1514578373,s2-eth1,1138650.00,25278.00,1163928.00,25278,1138650,753.00,383.00,1136.00,383,753,0.00,0.00,0,0
1514578373,s2-eth3,16170.00,723814.00,739984.00,723814,16170,245.00,479.00,724.00,479,245,0.00,0.00,0,0
1514578373,s2-eth2,9108.00,413322.00,422430.00,413322,9108,138.00,273.00,411.00,273,138,0.00,0.00,0,0
1514578373,s3-eth1,723814.00,16170.00,739984.00,16170,723814,479.00,245.00,724.00,245,479,0.00,0.00,0,0
1514578373,s3-eth3,7986.00,355912.00,363898.00,355912,7986,121.00,236.00,357.00,236,121,0.00,0.00,0,0
1514578373,s3-eth2,8118.00,366388.00,374506.00,366388,8118,123.00,242.00,365.00,242,123,0.00,0.00,0,0
1514578373,eth0,138.00,126.00,264.00,126,138,1.00,2.00,3.00,2,1,0.00,0.00,0,0
1514578373,lo,688.00,688.00,1376.00,688,688,12.00,12.00,24.00,12,12,0.00,0.00,0,0
1514578373,s4-eth1,355912.00,7986.00,363898.00,7986,355912,236.00,121.00,357.00,121,236,0.00,0.00,0,0
1514578373,s4-eth2,8052.00,355912.00,363964.00,355912,8052,122.00,236.00,358.00,236,122,0.00,0.00,0,0
1514578373,total,3547860.00,3537946.00,7085806.00,3537946,3547860,3478.00,3472.00,6950.00,3472,3478,0.00,0.00,0,0
1514578374,s1-eth1,1250686.00,27720.00,1278406.00,27720,1250686,827.00,420.00,1247.00,420,827,0.00,0.00,0,0
1514578374,s1-eth3,25014.00,1138650.00,1163664.00,1138650,25014,379.00,753.00,1132.00,753,379,0.00,0.00,0,0
1514578374,s1-eth2,2706.00,122634.00,125340.00,122634,2706,41.00,81.00,122.00,81,41,0.00,0.00,0,0
1514578374,s2-eth1,1138650.00,25014.00,1163664.00,25014,1138650,753.00,379.00,1132.00,379,753,0.00,0.00,0,0
1514578374,s2-eth3,16896.00,770748.00,787644.00,770748,16896,256.00,510.00,766.00,510,256,0.00,0.00,0,0
1514578374,s2-eth2,8118.00,367902.00,376020.00,367902,8118,123.00,243.00,366.00,243,123,0.00,0.00,0,0
1514578374,s3-eth1,770748.00,16896.00,787644.00,16896,770748,510.00,256.00,766.00,256,510,0.00,0.00,0,0
1514578374,s3-eth3,8382.00,380136.00,388518.00,380136,8382,127.00,252.00,379.00,252,127,0.00,0.00,0,0
1514578374,s3-eth2,8580.00,390612.00,399192.00,390612,8580,130.00,258.00,388.00,258,130,0.00,0.00,0,0
1514578374,eth0,138.00,66.00,204.00,66,138,1.00,1.00,2.00,1,1,0.00,0.00,0,0
1514578374,lo,0.00,0.00,0.00,0,0,0.00,0.00,0.00,0,0,0.00,0.00,0,0
1514578374,s4-eth1,380136.00,8382.00,388518.00,8382,380136,252.00,127.00,379.00,127,252,0.00,0.00,0,0
1514578374,s4-eth2,8382.00,380136.00,388518.00,380136,8382,127.00,252.00,379.00,252,127,0.00,0.00,0,0
1514578374,total,3618436.00,3628896.00,7247332.00,3628896,3618436,3526.00,3532.00,7058.00,3532,3526,0.00,0.00,0,0
1514578375,s1-eth1,1249990.00,35484.00,1285474.00,35484,1249990,827.00,508.00,1335.00,508,827,0.00,0.00,0,0
1514578375,s1-eth3,31206.00,1057712.00,1088918.00,1057712,31206,447.00,700.00,1147.00,700,447,0.00,0.00,0,0
1514578375,s1-eth2,4344.00,148372.00,152716.00,148372,4344,62.00,98.00,160.00,98,62,0.00,0.00,0,0
1514578375,s2-eth1,1057712.00,31206.00,1088918.00,31206,1057712,700.00,447.00,1147.00,447,700,0.00,0.00,0,0
1514578375,s2-eth3,18630.00,686782.00,705412.00,686782,18630,269.00,455.00,724.00,455,269,0.00,0.00,0,0
1514578375,s2-eth2,12510.00,396668.00,409178.00,396668,12510,177.00,262.00,439.00,262,177,0.00,0.00,0,0
1514578375,s3-eth1,686782.00,18630.00,705412.00,18630,686782,455.00,269.00,724.00,269,455,0.00,0.00,0,0
1514578375,s3-eth3,9786.00,288600.00,298386.00,288600,9786,135.00,192.00,327.00,192,135,0.00,0.00,0,0
1514578375,s3-eth2,8844.00,401210.00,410054.00,401210,8844,134.00,265.00,399.00,265,134,0.00,0.00,0,0
1514578375,eth0,138.00,66.00,204.00,66,138,1.00,1.00,2.00,1,1,0.00,0.00,0,0
1514578375,lo,0.00,0.00,0.00,0,0,0.00,0.00,0.00,0,0,0.00,0.00,0,0
1514578375,s4-eth1,288600.00,9786.00,298386.00,9786,288600,192.00,135.00,327.00,135,192,0.00,0.00,0,0
1514578375,s4-eth2,9786.00,288600.00,298386.00,288600,9786,135.00,192.00,327.00,192,135,0.00,0.00,0,0
1514578375,total,3378328.00,3363116.00,6741444.00,3363116,3378328,3534.00,3524.00,7058.00,3524,3534,0.00,0.00,0,0
1514578376,s1-eth1,1250564.00,28964.00,1279528.00,28964,1250564,826.00,436.00,1262.00,436,826,0.00,0.00,0,0
1514578376,s1-eth3,24948.00,1183308.00,1208256.00,1183308,24948,378.00,782.00,1160.00,782,378,0.00,0.00,0,0
1514578376,s1-eth2,4016.00,134746.00,138762.00,134746,4016,58.00,89.00,147.00,89,58,0.00,0.00,0,0
1514578376,s2-eth1,1183308.00,24948.00,1208256.00,24948,1183308,782.00,378.00,1160.00,378,782,0.00,0.00,0,0
1514578376,s2-eth3,17754.00,818434.00,836188.00,818434,17754,269.00,541.00,810.00,541,269,0.00,0.00,0,0
1514578376,s2-eth2,7260.00,339136.00,346396.00,339136,7260,110.00,224.00,334.00,224,110,0.00,0.00,0,0
1514578376,s3-eth1,818434.00,17754.00,836188.00,17754,818434,541.00,269.00,810.00,269,541,0.00,0.00,0,0
1514578376,s3-eth3,8382.00,388458.00,396840.00,388458,8382,127.00,257.00,384.00,257,127,0.00,0.00,0,0
1514578376,s3-eth2,9306.00,428462.00,437768.00,428462,9306,141.00,283.00,424.00,283,141,0.00,0.00,0,0
1514578376,eth0,138.00,66.00,204.00,66,138,1.00,1.00,2.00,1,1,0.00,0.00,0,0
1514578376,lo,0.00,0.00,0.00,0,0,0.00,0.00,0.00,0,0,0.00,0.00,0,0
1514578376,s4-eth1,388458.00,8382.00,396840.00,8382,388458,257.00,127.00,384.00,127,257,0.00,0.00,0,0
1514578376,s4-eth2,8382.00,388458.00,396840.00,388458,8382,127.00,257.00,384.00,257,127,0.00,0.00,0,0
1514578376,total,3720950.00,3761116.00,7482066.00,3761116,3720950,3617.00,3644.00,7261.00,3644,3617,0.00,0.00,0,0
1514578377,s1-eth1,1250742.00,42668.00,1293410.00,42668,1250742,827.00,574.00,1401.00,574,827,0.00,0.00,0,0
1514578377,s1-eth3,36596.00,1042450.00,1079046.00,1042450,36596,492.00,689.00,1181.00,689,492,0.00,0.00,0,0
1514578377,s1-eth2,6006.00,171082.00,177088.00,171082,6006,81.00,113.00,194.00,113,81,0.00,0.00,0,0
1514578377,s2-eth1,1042450.00,36596.00,1079046.00,36596,1042450,689.00,492.00,1181.00,492,689,0.00,0.00,0,0
1514578377,s2-eth3,25746.00,742678.00,768424.00,742678,25746,349.00,491.00,840.00,491,349,0.00,0.00,0,0
1514578377,s2-eth2,10850.00,299772.00,310622.00,299772,10850,143.00,198.00,341.00,198,143,0.00,0.00,0,0
1514578377,s3-eth1,742678.00,25746.00,768424.00,25746,742678,491.00,349.00,840.00,349,491,0.00,0.00,0,0
1514578377,s3-eth3,11736.00,361150.00,372886.00,361150,11736,166.00,239.00,405.00,239,166,0.00,0.00,0,0
1514578377,s3-eth2,14076.00,380014.00,394090.00,380014,14076,184.00,251.00,435.00,251,184,0.00,0.00,0,0
1514578377,eth0,228.00,246.00,474.00,246,228,2.00,3.00,5.00,3,2,0.00,0.00,0,0
1514578377,lo,0.00,0.00,0.00,0,0,0.00,0.00,0.00,0,0,0.00,0.00,0,0
1514578377,s4-eth1,361150.00,11736.00,372886.00,11736,361150,239.00,166.00,405.00,166,239,0.00,0.00,0,0
1514578377,s4-eth2,11670.00,361150.00,372820.00,361150,11670,165.00,239.00,404.00,239,165,0.00,0.00,0,0
1514578377,total,3513928.00,3475288.00,6989216.00,3475288,3513928,3828.00,3804.00,7632.00,3804,3828,0.00,0.00,0,0
1514578378,s1-eth1,1250564.00,27654.00,1278218.00,27654,1250564,826.00,419.00,1245.00,419,826,0.00,0.00,0,0
1514578378,s1-eth3,24552.00,1140042.00,1164594.00,1140042,24552,372.00,753.00,1125.00,753,372,0.00,0.00,0,0
1514578378,s1-eth2,3102.00,136260.00,139362.00,136260,3102,47.00,90.00,137.00,90,47,0.00,0.00,0,0
1514578378,s2-eth1,1140042.00,24552.00,1164594.00,24552,1140042,753.00,372.00,1125.00,372,753,0.00,0.00,0,0
1514578378,s2-eth3,16764.00,782738.00,799502.00,782738,16764,254.00,517.00,771.00,517,254,0.00,0.00,0,0
1514578378,s2-eth2,7788.00,360332.00,368120.00,360332,7788,118.00,238.00,356.00,238,118,0.00,0.00,0,0
1514578378,s3-eth1,782738.00,16764.00,799502.00,16764,782738,517.00,254.00,771.00,254,517,0.00,0.00,0,0
1514578378,s3-eth3,7656.00,355790.00,363446.00,355790,7656,116.00,235.00,351.00,235,116,0.00,0.00,0,0
1514578378,s3-eth2,9042.00,426948.00,435990.00,426948,9042,137.00,282.00,419.00,282,137,0.00,0.00,0,0
1514578378,eth0,138.00,66.00,204.00,66,138,1.00,1.00,2.00,1,1,0.00,0.00,0,0
1514578378,lo,688.00,688.00,1376.00,688,688,12.00,12.00,24.00,12,12,0.00,0.00,0,0
1514578378,s4-eth1,355790.00,7656.00,363446.00,7656,355790,235.00,116.00,351.00,116,235,0.00,0.00,0,0
1514578378,s4-eth2,7722.00,355790.00,363512.00,355790,7722,117.00,235.00,352.00,235,117,0.00,0.00,0,0
1514578378,total,3606586.00,3635280.00,7241866.00,3635280,3606586,3505.00,3524.00,7029.00,3524,3505,0.00,0.00,0,0
1514578379,s1-eth1,1250564.00,27588.00,1278152.00,27588,1250564,826.00,418.00,1244.00,418,826,0.00,0.00,0,0
1514578379,s1-eth3,24684.00,1121874.00,1146558.00,1121874,24684,374.00,741.00,1115.00,741,374,0.00,0.00,0,0
1514578379,s1-eth2,2904.00,133232.00,136136.00,133232,2904,44.00,88.00,132.00,88,44,0.00,0.00,0,0
1514578379,s2-eth1,1121874.00,24684.00,1146558.00,24684,1121874,741.00,374.00,1115.00,374,741,0.00,0.00,0,0
1514578379,s2-eth3,17820.00,806962.00,824782.00,806962,17820,270.00,533.00,803.00,533,270,0.00,0.00,0,0
1514578379,s2-eth2,6864.00,311884.00,318748.00,311884,6864,104.00,206.00,310.00,206,104,0.00,0.00,0,0
1514578379,s3-eth1,806962.00,17820.00,824782.00,17820,806962,533.00,270.00,803.00,270,533,0.00,0.00,0,0
1514578379,s3-eth3,7524.00,336108.00,343632.00,336108,7524,114.00,222.00,336.00,222,114,0.00,0.00,0,0
1514578379,s3-eth2,10296.00,470854.00,481150.00,470854,10296,156.00,311.00,467.00,311,156,0.00,0.00,0,0
1514578379,eth0,138.00,66.00,204.00,66,138,1.00,1.00,2.00,1,1,0.00,0.00,0,0
1514578379,lo,0.00,0.00,0.00,0,0,0.00,0.00,0.00,0,0,0.00,0.00,0,0
1514578379,s4-eth1,336108.00,7524.00,343632.00,7524,336108,222.00,114.00,336.00,114,222,0.00,0.00,0,0
1514578379,s4-eth2,7524.00,336108.00,343632.00,336108,7524,114.00,222.00,336.00,222,114,0.00,0.00,0,0
1514578379,total,3593262.00,3594704.00,7187966.00,3594704,3593262,3499.00,3500.00,6999.00,3500,3499,0.00,0.00,0,0
1514578380,s1-eth1,1251638.00,27720.00,1279358.00,27720,1251638,827.00,420.00,1247.00,420,827,0.00,0.00,0,0
1514578380,s1-eth3,24948.00,1115378.00,1140326.00,1115378,24948,378.00,737.00,1115.00,737,378,0.00,0.00,0,0
1514578380,s1-eth2,2838.00,130204.00,133042.00,130204,2838,43.00,86.00,129.00,86,43,0.00,0.00,0,0
1514578380,s2-eth1,1115378.00,24948.00,1140326.00,24948,1115378,737.00,378.00,1115.00,378,737,0.00,0.00,0,0
1514578380,s2-eth3,17292.00,771700.00,788992.00,771700,17292,262.00,510.00,772.00,510,262,0.00,0.00,0,0
1514578380,s2-eth2,7590.00,343678.00,351268.00,343678,7590,115.00,227.00,342.00,227,115,0.00,0.00,0,0
1514578380,s3-eth1,771700.00,17292.00,788992.00,17292,771700,510.00,262.00,772.00,262,510,0.00,0.00,0,0
1514578380,s3-eth3,8316.00,366388.00,374704.00,366388,8316,126.00,242.00,368.00,242,126,0.00,0.00,0,0
1514578380,s3-eth2,9042.00,405312.00,414354.00,405312,9042,137.00,268.00,405.00,268,137,0.00,0.00,0,0
1514578380,eth0,138.00,66.00,204.00,66,138,1.00,1.00,2.00,1,1,0.00,0.00,0,0
1514578380,lo,0.00,0.00,0.00,0,0,0.00,0.00,0.00,0,0,0.00,0.00,0,0
1514578380,s4-eth1,366388.00,8316.00,374704.00,8316,366388,242.00,126.00,368.00,126,242,0.00,0.00,0,0
1514578380,s4-eth2,8316.00,369416.00,377732.00,369416,8316,126.00,244.00,370.00,244,126,0.00,0.00,0,0
1514578380,total,3583584.00,3580418.00,7164002.00,3580418,3583584,3504.00,3501.00,7005.00,3501,3504,0.00,0.00,0,0
1514578381,s1-eth1,1249924.00,27852.00,1277776.00,27852,1249924,826.00,422.00,1248.00,422,826,0.00,0.00,0,0
1514578381,s1-eth3,24618.00,1124262.00,1148880.00,1124262,24618,373.00,743.00,1116.00,743,373,0.00,0.00,0,0
1514578381,s1-eth2,3168.00,146858.00,150026.00,146858,3168,48.00,97.00,145.00,97,48,0.00,0.00,0,0
1514578381,s2-eth1,1124262.00,24618.00,1148880.00,24618,1124262,743.00,373.00,1116.00,373,743,0.00,0.00,0,0
1514578381,s2-eth3,17754.00,806322.00,824076.00,806322,17754,269.00,533.00,802.00,533,269,0.00,0.00,0,0
1514578381,s2-eth2,6930.00,317940.00,324870.00,317940,6930,105.00,210.00,315.00,210,105,0.00,0.00,0,0
1514578381,s3-eth1,806322.00,17754.00,824076.00,17754,806322,533.00,269.00,802.00,269,533,0.00,0.00,0,0
1514578381,s3-eth3,7722.00,352762.00,360484.00,352762,7722,117.00,233.00,350.00,233,117,0.00,0.00,0,0
1514578381,s3-eth2,10032.00,453560.00,463592.00,453560,10032,152.00,300.00,452.00,300,152,0.00,0.00,0,0
1514578381,eth0,138.00,66.00,204.00,66,138,1.00,1.00,2.00,1,1,0.00,0.00,0,0
1514578381,lo,0.00,0.00,0.00,0,0,0.00,0.00,0.00,0,0,0.00,0.00,0,0
1514578381,s4-eth1,352762.00,7722.00,360484.00,7722,352762,233.00,117.00,350.00,117,233,0.00,0.00,0,0
1514578381,s4-eth2,7656.00,349734.00,357390.00,349734,7656,116.00,231.00,347.00,231,116,0.00,0.00,0,0
1514578381,total,3611288.00,3629450.00,7240738.00,3629450,3611288,3516.00,3529.00,7045.00,3529,3516,0.00,0.00,0,0
1514578382,s1-eth1,1250382.00,34248.00,1284630.00,34248,1250382,827.00,488.00,1315.00,488,827,0.00,0.00,0,0
1514578382,s1-eth3,28404.00,1076272.00,1104676.00,1076272,28404,408.00,712.00,1120.00,712,408,0.00,0.00,0,0
1514578382,s1-eth2,5910.00,165026.00,170936.00,165026,5910,81.00,109.00,190.00,109,81,0.00,0.00,0,0
1514578382,s2-eth1,1076272.00,28404.00,1104676.00,28404,1076272,712.00,408.00,1120.00,408,712,0.00,0.00,0,0
1514578382,s2-eth3,19890.00,697772.00,717662.00,697772,19890,279.00,462.00,741.00,462,279,0.00,0.00,0,0
1514578382,s2-eth2,8448.00,389098.00,397546.00,389098,8448,128.00,257.00,385.00,257,128,0.00,0.00,0,0
1514578382,s3-eth1,697772.00,19890.00,717662.00,19890,697772,462.00,279.00,741.00,279,462,0.00,0.00,0,0
1514578382,s3-eth3,7722.00,356248.00,363970.00,356248,7722,117.00,236.00,353.00,236,117,0.00,0.00,0,0
1514578382,s3-eth2,12168.00,341524.00,353692.00,341524,12168,162.00,226.00,388.00,226,162,0.00,0.00,0,0
1514578382,eth0,198.00,126.00,324.00,126,198,2.00,2.00,4.00,2,2,0.00,0.00,0,0
1514578382,lo,0.00,0.00,0.00,0,0,0.00,0.00,0.00,0,0,0.00,0.00,0,0
1514578382,s4-eth1,356248.00,7722.00,363970.00,7722,356248,236.00,117.00,353.00,117,236,0.00,0.00,0,0
1514578382,s4-eth2,7788.00,356248.00,364036.00,356248,7788,118.00,236.00,354.00,236,118,0.00,0.00,0,0
1514578382,total,3471202.00,3472578.00,6943780.00,3472578,3471202,3532.00,3532.00,7064.00,3532,3532,0.00,0.00,0,0
1514578383,s1-eth1,1250564.00,38592.00,1289156.00,38592,1250564,826.00,546.00,1372.00,546,826,0.00,0.00,0,0
1514578383,s1-eth3,33474.00,978044.00,1011518.00,978044,33474,473.00,646.00,1119.00,646,473,0.00,0.00,0,0
1514578383,s1-eth2,5118.00,151400.00,156518.00,151400,5118,73.00,100.00,173.00,100,73,0.00,0.00,0,0
1514578383,s2-eth1,978044.00,33474.00,1011518.00,33474,978044,646.00,473.00,1119.00,473,646,0.00,0.00,0,0
1514578383,s2-eth3,23220.00,726720.00,749940.00,726720,23220,328.00,480.00,808.00,480,328,0.00,0.00,0,0
1514578383,s2-eth2,10254.00,311884.00,322138.00,311884,10254,145.00,206.00,351.00,206,145,0.00,0.00,0,0
1514578383,s3-eth1,726720.00,23220.00,749940.00,23220,726720,480.00,328.00,808.00,328,480,0.00,0.00,0,0
1514578383,s3-eth3,12048.00,387584.00,399632.00,387584,12048,170.00,256.00,426.00,256,170,0.00,0.00,0,0
1514578383,s3-eth2,11172.00,345192.00,356364.00,345192,11172,158.00,228.00,386.00,228,158,0.00,0.00,0,0
1514578383,eth0,138.00,66.00,204.00,66,138,1.00,1.00,2.00,1,1,0.00,0.00,0,0
1514578383,lo,688.00,688.00,1376.00,688,688,12.00,12.00,24.00,12,12,0.00,0.00,0,0
1514578383,s4-eth1,387584.00,12048.00,399632.00,12048,387584,256.00,170.00,426.00,170,256,0.00,0.00,0,0
1514578383,s4-eth2,12048.00,387584.00,399632.00,387584,12048,170.00,256.00,426.00,256,170,0.00,0.00,0,0
1514578383,total,3451072.00,3396496.00,6847568.00,3396496,3451072,3738.00,3702.00,7440.00,3702,3738,0.00,0.00,0,0
1514578384,s1-eth1,1250827.25,27362.64,1278189.88,27390,1252078,826.17,414.59,1240.76,415,827,0.00,0.00,0,0
1514578384,s1-eth3,23802.20,1196377.62,1220179.88,1197574,23826,360.64,790.21,1150.85,791,361,0.00,0.00,0,0
1514578384,s1-eth2,3560.44,166373.62,169934.08,166540,3564,53.95,109.89,163.84,110,54,0.00,0.00,0,0
1514578384,s2-eth1,1196377.62,23802.20,1220179.88,23826,1197574,790.21,360.64,1150.85,361,791,0.00,0.00,0,0
1514578384,s2-eth3,15758.24,738093.94,753852.19,738832,15774,238.76,487.51,726.27,488,239,0.00,0.00,0,0
1514578384,s2-eth2,8043.96,387196.81,395240.78,387584,8052,121.88,255.74,377.62,256,122,0.00,0.00,0,0
1514578384,s3-eth1,738093.94,15758.24,753852.19,15774,738832,487.51,238.76,726.27,239,488,0.00,0.00,0,0
1514578384,s3-eth3,8505.50,402321.69,410827.19,402724,8514,128.87,265.73,394.61,266,129,0.00,0.00,0,0
1514578384,s3-eth2,7252.75,340309.69,347562.44,340650,7260,109.89,224.78,334.67,225,110,0.00,0.00,0,0
1514578384,eth0,137.86,65.93,203.80,66,138,1.00,1.00,2.00,1,1,0.00,0.00,0,0
1514578384,lo,0.00,0.00,0.00,0,0,0.00,0.00,0.00,0,0,0.00,0.00,0,0
1514578384,s4-eth1,402321.69,8505.50,410827.19,8514,402724,265.73,128.87,394.61,129,266,0.00,0.00,0,0
1514578384,s4-eth2,8505.50,402321.69,410827.19,402724,8514,128.87,265.73,394.61,266,129,0.00,0.00,0,0
1514578384,total,3663187.00,3708489.50,7371676.50,3712198,3666850,3513.49,3543.46,7056.94,3547,3517,0.00,0.00,0,0
1514578385,s1-eth1,1250100.00,27390.00,1277490.00,27390,1250100,826.00,415.00,1241.00,415,826,0.00,0.00,0,0
1514578385,s1-eth3,24420.00,1138064.00,1162484.00,1138064,24420,370.00,752.00,1122.00,752,370,0.00,0.00,0,0
1514578385,s1-eth2,2970.00,136260.00,139230.00,136260,2970,45.00,90.00,135.00,90,45,0.00,0.00,0,0
1514578385,s2-eth1,1138064.00,24420.00,1162484.00,24420,1138064,752.00,370.00,1122.00,370,752,0.00,0.00,0,0
1514578385,s2-eth3,15708.00,732776.00,748484.00,732776,15708,238.00,484.00,722.00,484,238,0.00,0.00,0,0
1514578385,s2-eth2,8712.00,405288.00,414000.00,405288,8712,132.00,268.00,400.00,268,132,0.00,0.00,0,0
1514578385,s3-eth1,732776.00,15708.00,