1514578396,s1-eth1,0.00,0.00,0.00,0,0,0.00,0.00,0.00,0,0,0.00,0.00,0,0
1514578396,s1-eth3,0.00,0.00,0.00,0,0,0.00,0.00,0.00,0,0,0.00,0.00,0,0
1514578396,s1-eth2,0.00,0.00,0.00,0,0,0.00,0.00,0.00,0,0,0.00,0.00,0,0
1514578396,s2-eth1,0.00,0.00,0.00,0,0,0.00,0.00,0.00,0,0,0.00,0.00,0,0
1514578396,s2-eth3,0.00,0.00,0.00,0,0,0.00,0.00,0.00,0,0,0.00,0.00,0,0
1514578396,s2-eth2,0.00,0.00,0.00,0,0,0.00,0.00,0.00,0,0,0.00,0.00,0,0
1514578396,s3-eth1,0.00,0.00,0.00,0,0,0.00,0.00,0.00,0,0,0.00,0.00,0,0
1514578396,s3-eth3,0.00,0.00,0.00,0,0,0.00,0.00,0.00,0,0,0.00,0.00,0,0
1514578396,s3-eth2,0.00,0.00,0.00,0,0,0.00,0.00,0.00,0,0,0.00,0.00,0,0
1514578396,eth0,0.00,0.00,0.00,0,0,0.00,0.00,0.00,0,0,0.00,0.00,0,0
1514578396,lo,0.00,0.00,0.00,0,0,0.00,0.00,0.00,0,0,0.00,0.00,0,0
1514578396,s4-eth1,0.00,0.00,0.00,0,0,0.00,0.00,0.00,0,0,0.00,0.00,0,0
1514578396,s4-eth3,0.00,0.00,0.00,0,0,0.00,0.00,0.00,0,0,0.00,0.00,0,0
1514578396,s4-eth2,0.00,0.00,0.00,0,0,0.00,0.00,0.00,0,0,0.00,0.00,0,0
1514578396,s5-eth1,0.00,0.00,0.00,0,0,0.00,0.00,0.00,0,0,0.00,0.00,0,0
1514578396,s5-eth2,0.00,0.00,0.00,0,0,0.00,0.00,0.00,0,0,0.00,0.00,0,0
1514578396,total,0.00,0.00,0.00,0,0,0.00,0.00,0.00,0,0,0.00,0.00,0,0
1514578397,s1-eth1,1252688.00,28380.00,1281068.00,28380,1252688,832.00,430.00,1262.00,430,832,0.00,0.00,0,0
1514578397,s1-eth3,23100.00,1046662.00,1069762.00,1046662,23100,350.00,695.00,1045.00,695,350,0.00,0.00,0,0
1514578397,s1-eth2,5280.00,236184.00,241464.00,236184,5280,80.00,156.00,236.00,156,80,0.00,0.00,0,0
1514578397,s2-eth1,1046662.00,23100.00,1069762.00,23100,1046662,695.00,350.00,1045.00,350,695,0.00,0.00,0,0
1514578397,s2-eth3,16566.00,752128.00,768694.00,752128,16566,251.00,500.00,751.00,500,251,0.00,0.00,0,0
1514578397,s2-eth2,6534.00,293020.00,299554.00,293020,6534,99.00,194.00,293.00,194,99,0.00,0.00,0,0
1514578397,s3-eth1,752128.00,16500.00,768628.00,16500,752128,500.00,250.00,750.00,250,500,0.00,0.00,0,0
1514578397,s3-eth3,10956.00,496140.00,507096.00,496140,10956,166.00,330.00,496.00,330,166,0.00,0.00,0,0
1514578397,s3-eth2,5610.00,254474.00,260084.00,254474,5610,85.00,169.00,254.00,169,85,0.00,0.00,0,0
1514578397,eth0,138.00,66.00,204.00,66,138,1.00,1.00,2.00,1,1,0.00,0.00,0,0
1514578397,lo,0.00,0.00,0.00,0,0,0.00,0.00,0.00,0,0,0.00,0.00,0,0
1514578397,s4-eth1,496140.00,10956.00,507096.00,10956,496140,330.00,166.00,496.00,166,330,0.00,0.00,0,0
1514578397,s4-eth3,5940.00,271946.00,277886.00,271946,5940,90.00,181.00,271.00,181,90,0.00,0.00,0,0
1514578397,s4-eth2,5016.00,224194.00,229210.00,224194,5016,76.00,149.00,225.00,149,76,0.00,0.00,0,0
1514578397,s5-eth1,271946.00,5940.00,277886.00,5940,271946,181.00,90.00,271.00,90,181,0.00,0.00,0,0
1514578397,s5-eth2,5940.00,271946.00,277886.00,271946,5940,90.00,181.00,271.00,181,90,0.00,0.00,0,0
1514578397,total,3904644.00,3931636.00,7836280.00,3931636,3904644,3826.00,3842.00,7668.00,3842,3826,0.00,0.00,0,0
1514578398,s1-eth1,1250426.00,28578.00,1279004.00,28578,1250426,831.00,433.00,1264.00,433,831,0.00,0.00,0,0
1514578398,s1-eth3,22906.00,1017200.00,1040106.00,1017200,22906,347.00,676.00,1023.00,676,347,0.00,0.00,0,0
1514578398,s1-eth2,5742.00,246278.00,252020.00,246278,5742,87.00,165.00,252.00,165,87,0.00,0.00,0,0
1514578398,s2-eth1,1017200.00,22906.00,1040106.00,22906,1017200,676.00,347.00,1023.00,347,676,0.00,0.00,0,0
1514578398,s2-eth3,16438.00,725572.00,742010.00,725572,16438,249.00,482.00,731.00,482,249,0.00,0.00,0,0
1514578398,s2-eth2,6538.00,300712.00,307250.00,300712,6538,99.00,200.00,299.00,200,99,0.00,0.00,0,0
1514578398,s3-eth1,725572.00,16438.00,742010.00,16438,725572,482.00,249.00,731.00,249,482,0.00,0.00,0,0
1514578398,s3-eth3,11224.00,501378.00,512602.00,501378,11224,170.00,333.00,503.00,333,170,0.00,0.00,0,0
1514578398,s3-eth2,5284.00,224194.00,229478.00,224194,5284,80.00,149.00,229.00,149,80,0.00,0.00,0,0
1514578398,eth0,138.00,66.00,204.00,66,138,1.00,1.00,2.00,1,1,0.00,0.00,0,0
1514578398,lo,1340.00,1340.00,2680.00,1340,1340,15.00,15.00,30.00,15,15,0.00,0.00,0,0
1514578398,s4-eth1,501378.00,11224.00,512602.00,11224,501378,333.00,170.00,503.00,170,333,0.00,0.00,0,0
1514578398,s4-eth3,5614.00,251446.00,257060.00,251446,5614,85.00,167.00,252.00,167,85,0.00,0.00,0,0
1514578398,s4-eth2,5680.00,249932.00,255612.00,249932,5680,86.00,166.00,252.00,166,86,0.00,0.00,0,0
1514578398,s5-eth1,251446.00,5614.00,257060.00,5614,251446,167.00,85.00,252.00,85,167,0.00,0.00,0,0
1514578398,s5-eth2,5614.00,251446.00,257060.00,251446,5614,85.00,167.00,252.00,167,85,0.00,0.00,0,0
1514578398,total,3832540.00,3854324.00,7686864.00,3854324,3832540,3793.00,3805.00,7598.00,3805,3793,0.00,0.00,0,0
1514578399,s1-eth1,1250242.00,28516.00,1278758.00,28516,1250242,837.00,432.00,1269.00,432,837,0.00,0.00,0,0
1514578399,s1-eth3,22906.00,1027318.00,1050224.00,1027318,22906,347.00,687.00,1034.00,687,347,0.00,0.00,0,0
1514578399,s1-eth2,6140.00,246904.00,253044.00,246904,6140,92.00,164.00,256.00,164,92,0.00,0.00,0,0
1514578399,s2-eth1,1027318.00,22906.00,1050224.00,22906,1027318,687.00,347.00,1034.00,347,687,0.00,0.00,0,0
1514578399,s2-eth3,15740.00,696984.00,712724.00,696984,15740,238.00,466.00,704.00,466,238,0.00,0.00,0,0
1514578399,s2-eth2,7762.00,321250.00,329012.00,321250,7762,117.00,215.00,332.00,215,117,0.00,0.00,0,0
1514578399,s3-eth1,696984.00,15740.00,712724.00,15740,696984,466.00,238.00,704.00,238,466,0.00,0.00,0,0
1514578399,s3-eth3,10554.00,455280.00,465834.00,455280,10554,159.00,304.00,463.00,304,159,0.00,0.00,0,0
1514578399,s3-eth2,5650.00,241704.00,247354.00,241704,5650,85.00,162.00,247.00,162,85,0.00,0.00,0,0
1514578399,eth0,138.00,66.00,204.00,66,138,1.00,1.00,2.00,1,1,0.00,0.00,0,0
1514578399,lo,9580.00,9580.00,19160.00,9580,9580,105.00,105.00,210.00,105,105,0.00,0.00,0,0
1514578399,s4-eth1,455280.00,10554.00,465834.00,10554,455280,304.00,159.00,463.00,159,304,0.00,0.00,0,0
1514578399,s4-eth3,5542.00,227988.00,233530.00,227988,5542,83.00,152.00,235.00,152,83,0.00,0.00,0,0
1514578399,s4-eth2,5542.00,227292.00,232834.00,227292,5542,83.00,152.00,235.00,152,83,0.00,0.00,0,0
1514578399,s5-eth1,227988.00,5542.00,233530.00,5542,227988,152.00,83.00,235.00,83,152,0.00,0.00,0,0
1514578399,s5-eth2,5542.00,227988.00,233530.00,227988,5542,83.00,152.00,235.00,152,83,0.00,0.00,0,0
1514578399,total,3752908.00,3765612.00,7518520.00,3765612,3752908,3839.00,3819.00,7658.00,3819,3839,0.00,0.00,0,0
1514578400,s1-eth1,1251960.00,28710.00,1280670.00,28710,1251960,832.00,435.00,1267.00,435,832,0.00,0.00,0,0
1514578400,s1-eth3,23490.00,1051372.00,1074862.00,1051372,23490,357.00,702.00,1059.00,702,357,0.00,0.00,0,0
1514578400,s1-eth2,5580.00,244134.00,249714.00,244134,5580,86.00,167.00,253.00,167,86,0.00,0.00,0,0
1514578400,s2-eth1,1051372.00,23490.00,1074862.00,23490,1051372,702.00,357.00,1059.00,357,702,0.00,0.00,0,0
1514578400,s2-eth3,17568.00,798496.00,816064.00,798496,17568,268.00,536.00,804.00,536,268,0.00,0.00,0,0
1514578400,s2-eth2,6264.00,272810.00,279074.00,272810,6264,96.00,185.00,281.00,185,96,0.00,0.00,0,0
1514578400,s3-eth1,798496.00,17568.00,816064.00,17568,798496,536.00,268.00,804.00,268,536,0.00,0.00,0,0
1514578400,s3-eth3,11892.00,533424.00,545316.00,533424,11892,182.00,360.00,542.00,360,182,0.00,0.00,0,0
1514578400,s3-eth2,5934.00,265240.00,271174.00,265240,5934,91.00,180.00,271.00,180,91,0.00,0.00,0,0
1514578400,eth0,138.00,66.00,204.00,66,138,1.00,1.00,2.00,1,1,0.00,0.00,0,0
1514578400,lo,17380.00,17380.00,34760.00,17380,17380,160.00,160.00,320.00,160,160,0.00,0.00,0,0
1514578400,s4-eth1,533424.00,11892.00,545316.00,11892,533424,360.00,182.00,542.00,182,360,0.00,0.00,0,0
1514578400,s4-eth3,6000.00,265240.00,271240.00,265240,6000,92.00,180.00,272.00,180,92,0.00,0.00,0,0
1514578400,s4-eth2,6066.00,268268.00,274334.00,268268,6066,93.00,182.00,275.00,182,93,0.00,0.00,0,0
1514578400,s5-eth1,265240.00,6000.00,271240.00,6000,265240,180.00,92.00,272.00,92,180,0.00,0.00,0,0
1514578400,s5-eth2,6000.00,265240.00,271240.00,265240,6000,92.00,180.00,272.00,180,92,0.00,0.00,0,0
1514578400,total,4006804.00,4069330.00,8076134.00,4069330,4006804,4128.00,4167.00,8295.00,4167,4128,0.00,0.00,0,0
1514578401,s1-eth1,1249416.00,36988.00,1286404.00,36988,1249416,828.00,528.00,1356.00,528,828,0.00,0.00,0,0
1514578401,s1-eth3,31560.00,1111642.00,1143202.00,1111642,31560,460.00,737.00,1197.00,737,460,0.00,0.00,0,0
1514578401,s1-eth2,5584.00,127176.00,132760.00,127176,5584,70.00,84.00,154.00,84,70,0.00,0.00,0,0
1514578401,s2-eth1,1111642.00,31560.00,1143202.00,31560,1111642,737.00,460.00,1197.00,460,737,0.00,0.00,0,0
1514578401,s2-eth3,23112.00,770052.00,793164.00,770052,23112,332.00,510.00,842.00,510,332,0.00,0.00,0,0
1514578401,s2-eth2,8538.00,377926.00,386464.00,377926,8538,129.00,251.00,380.00,251,129,0.00,0.00,0,0
1514578401,s3-eth1,770052.00,23112.00,793164.00,23112,770052,510.00,332.00,842.00,332,510,0.00,0.00,0,0
1514578401,s3-eth3,14292.00,521634.00,535926.00,521634,14292,208.00,345.00,553.00,345,208,0.00,0.00,0,0
1514578401,s3-eth2,8910.00,249932.00,258842.00,249932,8910,125.00,166.00,291.00,166,125,0.00,0.00,0,0
1514578401,eth0,138.00,66.00,204.00,66,138,1.00,1.00,2.00,1,1,0.00,0.00,0,0
1514578401,lo,1440.00,1440.00,2880.00,1440,1440,15.00,15.00,30.00,15,15,0.00,0.00,0,0
1514578401,s4-eth1,521634.00,14292.00,535926.00,14292,521634,345.00,208.00,553.00,208,345,0.00,0.00,0,0
1514578401,s4-eth3,7164.00,193096.00,200260.00,193096,7164,100.00,128.00,228.00,128,100,0.00,0.00,0,0
1514578401,s4-eth2,7218.00,328538.00,335756.00,328538,7218,109.00,217.00,326.00,217,109,0.00,0.00,0,0
1514578401,s5-eth1,193096.00,7164.00,200260.00,7164,193096,128.00,100.00,228.00,100,128,0.00,0.00,0,0
1514578401,s5-eth2,7164.00,193096.00,200260.00,193096,7164,100.00,128.00,228.00,128,100,0.00,0.00,0,0
1514578401,total,3960960.00,3987714.00,7948674.00,3987714,3960960,4197.00,4210.00,8407.00,4210,4197,0.00,0.00,0,0
1514578402,s1-eth1,1251056.00,28742.00,1279798.00,28742,1251056,830.00,435.00,1265.00,435,830,0.00,0.00,0,0
1514578402,s1-eth3,28120.00,1250168.00,1278288.00,1250168,28120,426.00,828.00,1254.00,828,426,0.00,0.00,0,0
1514578402,s1-eth2,626.00,34892.00,35518.00,34892,626,9.00,24.00,33.00,24,9,0.00,0.00,0,0
1514578402,s2-eth1,1250168.00,28120.00,1278288.00,28120,1250168,828.00,426.00,1254.00,426,828,0.00,0.00,0,0
1514578402,s2-eth3,19738.00,895770.00,915508.00,895770,19738,299.00,593.00,892.00,593,299,0.00,0.00,0,0
1514578402,s2-eth2,8452.00,390038.00,398490.00,390038,8452,128.00,259.00,387.00,259,128,0.00,0.00,0,0
1514578402,s3-eth1,895770.00,19738.00,915508.00,19738,895770,593.00,299.00,892.00,299,593,0.00,0.00,0,0
1514578402,s3-eth3,13864.00,615558.00,629422.00,615558,13864,210.00,407.00,617.00,407,210,0.00,0.00,0,0
1514578402,s3-eth2,6010.00,278698.00,284708.00,278698,6010,91.00,185.00,276.00,185,91,0.00,0.00,0,0
1514578402,eth0,198.00,126.00,324.00,126,198,2.00,2.00,4.00,2,2,0.00,0.00,0,0
1514578402,lo,1340.00,1340.00,2680.00,1340,1340,15.00,15.00,30.00,15,15,0.00,0.00,0,0
1514578402,s4-eth1,615558.00,13864.00,629422.00,13864,615558,407.00,210.00,617.00,210,407,0.00,0.00,0,0
1514578402,s4-eth3,5350.00,236184.00,241534.00,236184,5350,81.00,156.00,237.00,156,81,0.00,0.00,0,0
1514578402,s4-eth2,8518.00,379374.00,387892.00,379374,8518,129.00,251.00,380.00,251,129,0.00,0.00,0,0
1514578402,s5-eth1,236184.00,5350.00,241534.00,5350,236184,156.00,81.00,237.00,81,156,0.00,0.00,0,0
1514578402,s5-eth2,5350.00,239212.00,244562.00,239212,5350,81.00,158.00,239.00,158,81,0.00,0.00,0,0
1514578402,total,4346302.00,4417174.00,8763476.00,4417174,4346302,4285.00,4329.00,8614.00,4329,4285,0.00,0.00,0,0
1514578403,s1-eth1,1250556.00,33242.00,1283798.00,33242,1250556,832.00,487.00,1319.00,487,832,0.00,0.00,0,0
1514578403,s1-eth3,31616.00,1250748.00,1282364.00,1250748,31616,464.00,834.00,1298.00,834,464,0.00,0.00,0,0
1514578403,s1-eth2,1956.00,95382.00,97338.00,95382,1956,28.00,63.00,91.00,63,28,0.00,0.00,0,0
1514578403,s2-eth1,1250748.00,31616.00,1282364.00,31616,1250748,834.00,464.00,1298.00,464,834,0.00,0.00,0,0
1514578403,s2-eth3,22710.00,807650.00,830360.00,807650,22710,329.00,539.00,868.00,539,329,0.00,0.00,0,0
1514578403,s2-eth2,9256.00,416542.00,425798.00,416542,9256,140.00,277.00,417.00,277,140,0.00,0.00,0,0
1514578403,s3-eth1,807650.00,22710.00,830360.00,22710,807650,539.00,329.00,868.00,329,539,0.00,0.00,0,0
1514578403,s3-eth3,15890.00,623568.00,639458.00,623568,15890,235.00,416.00,651.00,416,235,0.00,0.00,0,0
1514578403,s3-eth2,7084.00,184082.00,191166.00,184082,7084,98.00,123.00,221.00,123,98,0.00,0.00,0,0
1514578403,eth0,138.00,66.00,204.00,66,138,1.00,1.00,2.00,1,1,0.00,0.00,0,0
1514578403,lo,6700.00,6700.00,13400.00,6700,6700,75.00,75.00,150.00,75,75,0.00,0.00,0,0
1514578403,s4-eth1,623568.00,15890.00,639458.00,15890,623568,416.00,235.00,651.00,235,416,0.00,0.00,0,0
1514578403,s4-eth3,5796.00,165970.00,171766.00,165970,5796,82.00,111.00,193.00,111,82,0.00,0.00,0,0
1514578403,s4-eth2,10444.00,457598.00,468042.00,457598,10444,158.00,305.00,463.00,305,158,0.00,0.00,0,0
1514578403,s5-eth1,165970.00,5796.00,171766.00,5796,165970,111.00,82.00,193.00,82,111,0.00,0.00,0,0
1514578403,s5-eth2,5796.00,162942.00,168738.00,162942,5796,82.00,109.00,191.00,109,82,0.00,0.00,0,0
1514578403,total,4215878.00,4280502.00,8496380.00,4280502,4215878,4424.00,4450.00,8874.00,4450,4424,0.00,0.00,0,0
1514578404,s1-eth1,1251818.00,35250.00,1287068.00,35250,1251818,831.00,507.00,1338.00,507,831,0.00,0.00,0,0
1514578404,s1-eth3,34150.00,1207720.00,1241870.00,1207720,34150,495.00,800.00,1295.00,800,495,0.00,0.00,0,0
1514578404,s1-eth2,1120.00,34822.00,35942.00,34822,1120,12.00,23.00,35.00,23,12,0.00,0.00,0,0
1514578404,s2-eth1,1207720.00,34150.00,1241870.00,34150,1207720,800.00,495.00,1295.00,495,800,0.00,0.00,0,0
1514578404,s2-eth3,20686.00,671520.00,692206.00,671520,20686,291.00,444.00,735.00,444,291,0.00,0.00,0,0
1514578404,s2-eth2,13464.00,581620.00,595084.00,581620,13464,204.00,386.00,590.00,386,204,0.00,0.00,0,0
1514578404,s3-eth1,671520.00,20686.00,692206.00,20686,671520,444.00,291.00,735.00,291,444,0.00,0.00,0,0
1514578404,s3-eth3,16482.00,492868.00,509350.00,492868,16482,227.00,326.00,553.00,326,227,0.00,0.00,0,0
1514578404,s3-eth2,4290.00,178652.00,182942.00,178652,4290,65.00,118.00,183.00,118,65,0.00,0.00,0,0
1514578404,eth0,138.00,126.00,264.00,126,138,1.00,2.00,3.00,2,1,0.00,0.00,0,0
1514578404,lo,0.00,0.00,0.00,0,0,0.00,0.00,0.00,0,0,0.00,0.00,0,0
1514578404,s4-eth1,492868.00,16482.00,509350.00,16482,492868,326.00,227.00,553.00,227,326,0.00,0.00,0,0
1514578404,s4-eth3,4662.00,190068.00,194730.00,190068,4662,65.00,126.00,191.00,126,65,0.00,0.00,0,0
1514578404,s4-eth2,11886.00,302800.00,314686.00,302800,11886,163.00,200.00,363.00,200,163,0.00,0.00,0,0
1514578404,s5-eth1,190068.00,4662.00,194730.00,4662,190068,126.00,65.00,191.00,65,126,0.00,0.00,0,0
1514578404,s5-eth2,4662.00,190068.00,194730.00,190068,4662,65.00,126.00,191.00,126,65,0.00,0.00,0,0
1514578404,total,3925534.00,3961494.00,7887028.00,3961494,3925534,4115.00,4136.00,8251.00,4136,4115,0.00,0.00,0,0
1514578405,s1-eth1,1250686.00,35726.00,1286412.00,35726,1250686,827.00,509.00,1336.00,509,827,0.00,0.00,0,0
1514578405,s1-eth3,34014.00,1200846.00,1234860.00,1200846,34014,487.00,795.00,1282.00,795,487,0.00,0.00,0,0
1514578405,s1-eth2,1712.00,51476.00,53188.00,51476,1712,22.00,34.00,56.00,34,22,0.00,0.00,0,0
1514578405,s2-eth1,1200846.00,34014.00,1234860.00,34014,1200846,795.00,487.00,1282.00,487,795,0.00,0.00,0,0
1514578405,s2-eth3,17490.00,791822.00,809312.00,791822,17490,265.00,523.00,788.00,523,265,0.00,0.00,0,0
1514578405,s2-eth2,16458.00,427192.00,443650.00,427192,16458,221.00,284.00,505.00,284,221,0.00,0.00,0,0
1514578405,s3-eth1,791822.00,17490.00,809312.00,17490,791822,523.00,265.00,788.00,265,523,0.00,0.00,0,0
1514578405,s3-eth3,12144.00,572292.00,584436.00,572292,12144,184.00,378.00,562.00,378,184,0.00,0.00,0,0
1514578405,s3-eth2,5280.00,219530.00,224810.00,219530,5280,80.00,145.00,225.00,145,80,0.00,0.00,0,0
1514578405,eth0,138.00,66.00,204.00,66,138,1.00,1.00,2.00,1,1,0.00,0.00,0,0
1514578405,lo,0.00,0.00,0.00,0,0,0.00,0.00,0.00,0,0,0.00,0.00,0,0
1514578405,s4-eth1,572292.00,12144.00,584436.00,12144,572292,378.00,184.00,562.00,184,378,0.00,0.00,0,0
1514578405,s4-eth3,4092.00,184708.00,188800.00,184708,4092,62.00,122.00,184.00,122,62,0.00,0.00,0,0
1514578405,s4-eth2,8052.00,387584.00,395636.00,387584,8052,122.00,256.00,378.00,256,122,0.00,0.00,0,0
1514578405,s5-eth1,184708.00,4092.00,188800.00,4092,184708,122.00,62.00,184.00,62,122,0.00,0.00,0,0
1514578405,s5-eth2,4092.00,184708.00,188800.00,184708,4092,62.00,122.00,184.00,122,62,0.00,0.00,0,0
1514578405,total,4103826.00,4123690.00,8227516.00,4123690,4103826,4151.00,4167.00,8318.00,4167,4151,0.00,0.00,0,0
1514578406,s1-eth1,1250686.00,28944.00,1279630.00,28944,1250686,827.00,432.00,1259.00,432,827,0.00,0.00,0,0
1514578406,s1-eth3,27258.00,1250564.00,1277822.00,1250564,27258,413.00,826.00,1239.00,826,413,0.00,0.00,0,0
1514578406,s1-eth2,1752.00,36336.00,38088.00,36336,1752,20.00,24.00,44.00,24,20,0.00,0.00,0,0
1514578406,s2-eth1,1250564.00,27258.00,1277822.00,27258,1250564,826.00,413.00,1239.00,413,826,0.00,0.00,0,0
1514578406,s2-eth3,17358.00,776682.00,794040.00,776682,17358,263.00,513.00,776.00,513,263,0.00,0.00,0,0
1514578406,s2-eth2,9900.00,464798.00,474698.00,464798,9900,150.00,307.00,457.00,307,150,0.00,0.00,0,0
1514578406,s3-eth1,776682.00,17358.00,794040.00,17358,776682,513.00,263.00,776.00,263,513,0.00,0.00,0,0
1514578406,s3-eth3,12738.00,572292.00,585030.00,572292,12738,193.00,378.00,571.00,378,193,0.00,0.00,0,0
1514578406,s3-eth2,4620.00,204390.00,209010.00,204390,4620,70.00,135.00,205.00,135,70,0.00,0.00,0,0
1514578406,eth0,138.00,66.00,204.00,66,138,1.00,1.00,2.00,1,1,0.00,0.00,0,0
1514578406,lo,0.00,0.00,0.00,0,0,0.00,0.00,0.00,0,0,0.00,0.00,0,0
1514578406,s4-eth1,572292.00,12738.00,585030.00,12738,572292,378.00,193.00,571.00,193,378,0.00,0.00,0,0
1514578406,s4-eth3,3960.00,178652.00,182612.00,178652,3960,60.00,118.00,178.00,118,60,0.00,0.00,0,0
1514578406,s4-eth2,8778.00,396668.00,405446.00,396668,8778,133.00,262.00,395.00,262,133,0.00,0.00,0,0
1514578406,s5-eth1,178652.00,3960.00,182612.00,3960,178652,118.00,60.00,178.00,60,118,0.00,0.00,0,0
1514578406,s5-eth2,3960.00,178652.00,182612.00,178652,3960,60.00,118.00,178.00,118,60,0.00,0.00,0,0
1514578406,total,4119338.00,4149358.00,8268696.00,4149358,4119338,4025.00,4043.00,8068.00,4043,4025,0.00,0.00,0,0
1514578407,s1-eth1,1250092.00,40878.00,1290970.00,40878,1250092,826.00,557.00,1383.00,557,826,0.00,0.00,0,0
1514578407,s1-eth3,38216.00,1097178.00,1135394.00,1097178,38216,522.00,725.00,1247.00,725,522,0.00,0.00,0,0
1514578407,s1-eth2,2596.00,68130.00,70726.00,68130,2596,34.00,45.00,79.00,45,34,0.00,0.00,0,0
1514578407,s2-eth1,1097178.00,38216.00,1135394.00,38216,1097178,725.00,522.00,1247.00,522,725,0.00,0.00,0,0
1514578407,s2-eth3,21576.00,641464.00,663040.00,641464,21576,304.00,424.00,728.00,424,304,0.00,0.00,0,0
1514578407,s2-eth2,16706.00,453672.00,470378.00,453672,16706,219.00,300.00,519.00,300,219,0.00,0.00,0,0
1514578407,s3-eth1,641464.00,21576.00,663040.00,21576,641464,424.00,304.00,728.00,304,424,0.00,0.00,0,0
1514578407,s3-eth3,15318.00,485522.00,500840.00,485522,15318,217.00,321.00,538.00,321,217,0.00,0.00,0,0
1514578407,s3-eth2,6324.00,178652.00,184976.00,178652,6324,88.00,118.00,206.00,118,88,0.00,0.00,0,0
1514578407,eth0,138.00,66.00,204.00,66,138,1.00,1.00,2.00,1,1,0.00,0.00,0,0
1514578407,lo,0.00,0.00,0.00,0,0,0.00,0.00,0.00,0,0,0.00,0.00,0,0
1514578407,s4-eth1,485522.00,15318.00,500840.00,15318,485522,321.00,217.00,538.00,217,321,0.00,0.00,0,0
1514578407,s4-eth3,4224.00,189250.00,193474.00,189250,4224,64.00,125.00,189.00,125,64,0.00,0.00,0,0
1514578407,s4-eth2,11094.00,296272.00,307366.00,296272,11094,153.00,196.00,349.00,196,153,0.00,0.00,0,0
1514578407,s5-eth1,189250.00,4224.00,193474.00,4224,189250,125.00,64.00,189.00,64,125,0.00,0.00,0,0
1514578407,s5-eth2,4224.00,189250.00,193474.00,189250,4224,64.00,125.00,189.00,125,64,0.00,0.00,0,0
1514578407,total,3783922.00,3719668.00,7503590.00,3719668,3783922,4087.00,4044.00,8131.00,4044,4087,0.00,0.00,0,0
1514578408,s1-eth1,1250036.00,28446.00,1278482.00,28446,1250036,826.00,431.00,1257.00,431,826,0.00,0.00,0,0
1514578408,s1-eth3,25476.00,1251550.00,1277026.00,1251550,25476,386.00,827.00,1213.00,827,386,0.00,0.00,0,0
1514578408,s1-eth2,3036.00,121120.00,124156.00,121120,3036,46.00,80.00,126.00,80,46,0.00,0.00,0,0
1514578408,s2-eth1,1251550.00,25476.00,1277026.00,25476,1251550,827.00,386.00,1213.00,386,827,0.00,0.00,0,0
1514578408,s2-eth3,16170.00,766084.00,782254.00,766084,16170,245.00,506.00,751.00,506,245,0.00,0.00,0,0
1514578408,s2-eth2,9240.00,439060.00,448300.00,439060,9240,140.00,290.00,430.00,290,140,0.00,0.00,0,0
1514578408,s3-eth1,766084.00,16170.00,782254.00,16170,766084,506.00,245.00,751.00,245,506,0.00,0.00,0,0
1514578408,s3-eth3,11550.00,545040.00,556590.00,545040,11550,175.00,360.00,535.00,360,175,0.00,0.00,0,0
1514578408,s3-eth2,4620.00,198334.00,202954.00,198334,4620,70.00,131.00,201.00,131,70,0.00,0.00,0,0
1514578408,eth0,138.00,66.00,204.00,66,138,1.00,1.00,2.00,1,1,0.00,0.00,0,0
1514578408,lo,860.00,860.00,1720.00,860,860,15.00,15.00,30.00,15,15,0.00,0.00,0,0
1514578408,s4-eth1,545040.00,11550.00,556590.00,11550,545040,360.00,175.00,535.00,175,360,0.00,0.00,0,0
1514578408,s4-eth3,4884.00,224072.00,228956.00,224072,4884,74.00,148.00,222.00,148,74,0.00,0.00,0,0
1514578408,s4-eth2,6666.00,317940.00,324606.00,317940,6666,101.00,210.00,311.00,210,101,0.00,0.00,0,0
1514578408,s5-eth1,224072.00,4884.00,228956.00,4884,224072,148.00,74.00,222.00,74,148,0.00,0.00,0,0
1514578408,s5-eth2,4884.00,224072.00,228956.00,224072,4884,74.00,148.00,222.00,148,74,0.00,0.00,0,0
1514578408,total,4124306.00,4174724.00,8299030.00,4174724,4124306,3994.00,4027.00,8021.00,4027,3994,0.00,0.00,0,0
1514578409,s1-eth1,1250854.00,49676.00,1300530.00,49676,1250854,827.00,654.00,1481.00,654,827,0.00,0.00,0,0
1514578409,s1-eth3,46812.00,1138818.00,1185630.00,1138818,46812,618.00,753.00,1371.00,753,618,0.00,0.00,0,0
1514578409,s1-eth2,2864.00,72672.00,75536.00,72672,2864,36.00,48.00,84.00,48,36,0.00,0.00,0,0
1514578409,s2-eth1,1138818.00,46812.00,1185630.00,46812,1138818,753.00,618.00,1371.00,618,753,0.00,0.00,0,0
1514578409,s2-eth3,28430.00,684618.00,713048.00,684618,28430,377.00,453.00,830.00,453,377,0.00,0.00,0,0
1514578409,s2-eth2,18382.00,386070.00,404452.00,386070,18382,241.00,255.00,496.00,255,241,0.00,0.00,0,0
1514578409,s3-eth1,684618.00,28430.00,713048.00,28430,684618,453.00,377.00,830.00,377,453,0.00,0.00,0,0
1514578409,s3-eth3,20186.00,516564.00,536750.00,516564,20186,265.00,342.00,607.00,342,265,0.00,0.00,0,0
1514578409,s3-eth2,8244.00,169568.00,177812.00,169568,8244,112.00,112.00,224.00,112,112,0.00,0.00,0,0
1514578409,eth0,138.00,66.00,204.00,66,138,1.00,1.00,2.00,1,1,0.00,0.00,0,0
1514578409,lo,0.00,0.00,0.00,0,0,0.00,0.00,0.00,0,0,0.00,0.00,0,0
1514578409,s4-eth1,516564.00,20186.00,536750.00,20186,516564,342.00,265.00,607.00,265,342,0.00,0.00,0,0
1514578409,s4-eth3,7638.00,206194.00,213832.00,206194,7638,103.00,137.00,240.00,137,103,0.00,0.00,0,0
1514578409,s4-eth2,12548.00,310370.00,322918.00,310370,12548,162.00,205.00,367.00,205,162,0.00,0.00,0,0
1514578409,s5-eth1,206194.00,7638.00,213832.00,7638,206194,137.00,103.00,240.00,103,137,0.00,0.00,0,0
1514578409,s5-eth2,7638.00,206194.00,213832.00,206194,7638,103.00,137.00,240.00,137,103,0.00,0.00,0,0
1514578409,total,3949928.00,3843876.00,7793804.00,3843876,3949928,4530.00,4460.00,8990.00,4460,4530,0.00,0.00,0,0
1514578410,s1-eth1,1250564.00,27984.00,1278548.00,27984,1250564,826.00,424.00,1250.00,424,826,0.00,0.00,0,0
1514578410,s1-eth3,25344.00,1179406.00,1204750.00,1179406,25344,384.00,779.00,1163.00,779,384,0.00,0.00,0,0
1514578410,s1-eth2,2640.00,105980.00,108620.00,105980,2640,40.00,70.00,110.00,70,40,0.00,0.00,0,0
1514578410,s2-eth1,1179406.00,25344.00,1204750.00,25344,1179406,779.00,384.00,1163.00,384,779,0.00,0.00,0,0
1514578410,s2-eth3,17820.00,822102.00,839922.00,822102,17820,270.00,543.00,813.00,543,270,0.00,0.00,0,0
1514578410,s2-eth2,7524.00,354276.00,361800.00,354276,7524,114.00,234.00,348.00,234,114,0.00,0.00,0,0
1514578410,s3-eth1,822102.00,17820.00,839922.00,17820,822102,543.00,270.00,813.00,270,543,0.00,0.00,0,0
1514578410,s3-eth3,14388.00,667674.00,682062.00,667674,14388,218.00,441.00,659.00,441,218,0.00,0.00,0,0
1514578410,s3-eth2,3432.00,155942.00,159374.00,155942,3432,52.00,103.00,155.00,103,52,0.00,0.00,0,0
1514578410,eth0,138.00,66.00,204.00,66,138,1.00,1.00,2.00,1,1,0.00,0.00,0,0
1514578410,lo,0.00,0.00,0.00,0,0,0.00,0.00,0.00,0,0,0.00,0.00,0,0
1514578410,s4-eth1,667674.00,14388.00,682062.00,14388,667674,441.00,218.00,659.00,218,441,0.00,0.00,0,0
1514578410,s4-eth3,5544.00,257380.00,262924.00,257380,5544,84.00,170.00,254.00,170,84,0.00,0.00,0,0
1514578410,s4-eth2,8844.00,410294.00,419138.00,410294,8844,134.00,271.00,405.00,271,134,0.00,0.00,0,0
1514578410,s5-eth1,257380.00,5544.00,262924.00,5544,257380,170.00,84.00,254.00,84,170,0.00,0.00,0,0
1514578410,s5-eth2,5544.00,257380.00,262924.00,257380,5544,84.00,170.00,254.00,170,84,0.00,0.00,0,0
1514578410,total,4268344.00,4301580.00,8569924.00,4301580,4268344,4140.00,4162.00,8302.00,4162,4140,0.00,0.00,0,0
1514578411,s1-eth1,1250742.00,27786.00,1278528.00,27786,1250742,827.00,421.00,1248.00,421,827,0.00,0.00,0,0
1514578411,s1-eth3,25608.00,1164444.00,1190052.00,1164444,25608,388.00,770.00,1158.00,770,388,0.00,0.00,0,0
1514578411,s1-eth2,2178.00,93868.00,96046.00,93868,2178,33.00,62.00,95.00,62,33,0.00,0.00,0,0
1514578411,s2-eth1,1164444.00,25608.00,1190052.00,25608,1164444,770.00,388.00,1158.00,388,770,0.00,0.00,0,0
1514578411,s2-eth3,18018.00,813196.00,831214.00,813196,18018,273.00,538.00,811.00,538,273,0.00,0.00,0,0
1514578411,s2-eth2,7656.00,351248.00,358904.00,351248,7656,116.00,232.00,348.00,232,116,0.00,0.00,0,0
1514578411,s3-eth1,813196.00,18018.00,831214.00,18018,813196,538.00,273.00,811.00,273,538,0.00,0.00,0,0
1514578411,s3-eth3,14322.00,652712.00,667034.00,652712,14322,217.00,432.00,649.00,432,217,0.00,0.00,0,0
1514578411,s3-eth2,3696.00,160484.00,164180.00,160484,3696,56.00,106.00,162.00,106,56,0.00,0.00,0,0
1514578411,eth0,138.00,66.00,204.00,66,138,1.00,1.00,2.00,1,1,0.00,0.00,0,0
1514578411,lo,0.00,0.00,0.00,0,0,0.00,0.00,0.00,0,0,0.00,0.00,0,0
1514578411,s4-eth1,652712.00,14322.00,667034.00,14322,652712,432.00,217.00,649.00,217,432,0.00,0.00,0,0
1514578411,s4-eth3,6270.00,283296.00,289566.00,283296,6270,95.00,188.00,283.00,188,95,0.00,0.00,0,0
1514578411,s4-eth2,8052.00,369416.00,377468.00,369416,8052,122.00,244.00,366.00,244,122,0.00,0.00,0,0
1514578411,s5-eth1,283296.00,6270.00,289566.00,6270,283296,188.00,95.00,283.00,95,188,0.00,0.00,0,0
1514578411,s5-eth2,6270.00,283296.00,289566.00,283296,6270,95.00,188.00,283.00,188,95,0.00,0.00,0,0
1514578411,total,4256598.00,4264030.00,8520628.00,4264030,4256598,4151.00,4155.00,8306.00,4155,4151,0.00,0.00,0,0
1514578412,s1-eth1,1250686.00,27720.00,1278406.00,27720,1250686,827.00,420.00,1247.00,420,827,0.00,0.00,0,0
1514578412,s1-eth3,25344.00,1159846.00,1185190.00,1159846,25344,384.00,767.00,1151.00,767,384,0.00,0.00,0,0
1514578412,s1-eth2,2310.00,101438.00,103748.00,101438,2310,35.00,67.00,102.00,67,35,0.00,0.00,0,0
1514578412,s2-eth1,1159846.00,25344.00,1185190.00,25344,1159846,767.00,384.00,1151.00,384,767,0.00,0.00,0,0
1514578412,s2-eth3,18018.00,820710.00,838728.00,820710,18018,273.00,543.00,816.00,543,273,0.00,0.00,0,0
1514578412,s2-eth2,7326.00,339136.00,346462.00,339136,7326,111.00,224.00,335.00,224,111,0.00,0.00,0,0
1514578412,s3-eth1,820710.00,18018.00,838728.00,18018,820710,543.00,273.00,816.00,273,543,0.00,0.00,0,0
1514578412,s3-eth3,14718.00,666282.00,681000.00,666282,14718,223.00,441.00,664.00,441,223,0.00,0.00,0,0
1514578412,s3-eth2,3234.00,151400.00,154634.00,151400,3234,49.00,100.00,149.00,100,49,0.00,0.00,0,0
1514578412,eth0,138.00,66.00,204.00,66,138,1.00,1.00,2.00,1,1,0.00,0.00,0,0
1514578412,lo,0.00,0.00,0.00,0,0,0.00,0.00,0.00,0,0,0.00,0.00,0,0
1514578412,s4-eth1,666282.00,14718.00,681000.00,14718,666282,441.00,223.00,664.00,223,441,0.00,0.00,0,0
1514578412,s4-eth3,6270.00,281726.00,287996.00,281726,6270,95.00,187.00,282.00,187,95,0.00,0.00,0,0
1514578412,s4-eth2,8448.00,384556.00,393004.00,384556,8448,128.00,254.00,382.00,254,128,0.00,0.00,0,0
1514578412,s5-eth1,281726.00,6270.00,287996.00,6270,281726,187.00,95.00,282.00,95,187,0.00,0.00,0,0
1514578412,s5-eth2,6270.00,281726.00,287996.00,281726,6270,95.00,187.00,282.00,187,95,0.00,0.00,0,0
1514578412,total,4271326.00,4278956.00,8550282.00,4278956,4271326,4159.00,4166.00,8325.00,4166,4159,0.00,0.00,0,0
1514578413,s1-eth1,1250686.00,27654.00,1278340.00,27654,1250686,827.00,419.00,1246.00,419,827,0.00,0.00,0,0
1514578413,s1-eth3,25476.00,1149248.00,1174724.00,1149248,25476,386.00,760.00,1146.00,760,386,0.00,0.00,0,0
1514578413,s1-eth2,2244.00,104466.00,106710.00,104466,2244,34.00,69.00,103.00,69,34,0.00,0.00,0,0
1514578413,s2-eth1,1149248.00,25476.00,1174724.00,25476,1149248,760.00,386.00,1146.00,386,760,0.00,0.00,0,0
1514578413,s2-eth3,18084.00,817682.00,835766.00,817682,18084,274.00,541.00,815.00,541,274,0.00,0.00,0,0
1514578413,s2-eth2,7326.00,337622.00,344948.00,337622,7326,111.00,223.00,334.00,223,111,0.00,0.00,0,0
1514578413,s3-eth1,817682.00,18084.00,835766.00,18084,817682,541.00,274.00,815.00,274,541,0.00,0.00,0,0
1514578413,s3-eth3,14718.00,660226.00,674944.00,660226,14718,223.00,437.00,660.00,437,223,0.00,0.00,0,0
1514578413,s3-eth2,3432.00,157456.00,160888.00,157456,3432,52.00,104.00,156.00,104,52,0.00,0.00,0,0
1514578413,eth0,138.00,66.00,204.00,66,138,1.00,1.00,2.00,1,1,0.00,0.00,0,0
1514578413,lo,860.00,860.00,1720.00,860,860,15.00,15.00,30.00,15,15,0.00,0.00,0,0
1514578413,s4-eth1,660226.00,14718.00,674944.00,14718,660226,437.00,223.00,660.00,223,437,0.00,0.00,0,0
1514578413,s4-eth3,6138.00,271128.00,277266.00,271128,6138,93.00,180.00,273.00,180,93,0.00,0.00,0,0
1514578413,s4-eth2,8514.00,389098.00,397612.00,389098,8514,129.00,257.00,386.00,257,129,0.00,0.00,0,0
1514578413,s5-eth1,271128.00,6138.00,277266.00,6138,271128,180.00,93.00,273.00,93,180,0.00,0.00,0,0
1514578413,s5-eth2,6138.00,271128.00,277266.00,271128,6138,93.00,180.00,273.00,180,93,0.00,0.00,0,0
1514578413,total,4242038.00,4251050.00,8493088.00,4251050,4242038,4156.00,4162.00,8318.00,4162,4156,0.00,0.00,0,0
1514578414,s1-eth1,1252078.00,35808.00,1287886.00,35808,1252078,827.00,512.00,1339.00,512,827,0.00,0.00,0,0
1514578414,s1-eth3,31998.00,1129444.00,1161442.00,1129444,31998,463.00,746.00,1209.00,746,463,0.00,0.00,0,0
1514578414,s1-eth2,3810.00,98410.00,102220.00,98410,3810,49.00,65.00,114.00,65,49,0.00,0.00,0,0
1514578414,s2-eth1,1129444.00,31998.00,1161442.00,31998,1129444,746.00,463.00,1209.00,463,746,0.00,0.00,0,0
1514578414,s2-eth3,21546.00,803934.00,825480.00,803934,21546,315.00,531.00,846.00,531,315,0.00,0.00,0,0
1514578414,s2-eth2,10452.00,319454.00,329906.00,319454,10452,148.00,211.00,359.00,211,148,0.00,0.00,0,0
1514578414,s3-eth1,803934.00,21546.00,825480.00,21546,803934,531.00,315.00,846.00,315,531,0.00,0.00,0,0
1514578414,s3-eth3,17190.00,608628.00,625818.00,608628,17190,249.00,402.00,651.00,402,249,0.00,0.00,0,0
1514578414,s3-eth2,4356.00,201362.00,205718.00,201362,4356,66.00,133.00,199.00,133,66,0.00,0.00,0,0
1514578414,eth0,138.00,66.00,204.00,66,138,1.00,1.00,2.00,1,1,0.00,0.00,0,0
1514578414,lo,0.00,0.00,0.00,0,0,0.00,0.00,0.00,0,0,0.00,0.00,0,0
1514578414,s4-eth1,608628.00,17190.00,625818.00,17190,608628,402.00,249.00,651.00,249,402,0.00,0.00,0,0
1514578414,s4-eth3,6204.00,278576.00,284780.00,278576,6204,94.00,184.00,278.00,184,94,0.00,0.00,0,0
1514578414,s4-eth2,11052.00,330052.00,341104.00,330052,11052,156.00,218.00,374.00,218,156,0.00,0.00,0,0
1514578414,s5-eth1,278576.00,6204.00,284780.00,6204,278576,184.00,94.00,278.00,94,184,0.00,0.00,0,0
1514578414,s5-eth2,6204.00,281604.00,287808.00,281604,6204,94.00,186.00,280.00,186,94,0.00,0.00,0,0
1514578414,total,4185610.00,4164276.00,8349886.00,4164276,4185610,4325.00,4310.00,8635.00,4310,4325,0.00,0.00,0,0
1514578415,s1-eth1,1250742.00,29622.00,1280364.00,29622,1250742,827.00,445.00,1272.00,445,827,0.00,0.00,0,0
1514578415,s1-eth3,26130.00,1187154.00,1213284.00,1187154,26130,393.00,785.00,1178.00,785,393,0.00,0.00,0,0
1514578415,s1-eth2,3426.00,118092.00,121518.00,118092,3426,51.00,78.00,129.00,78,51,0.00,0.00,0,0
1514578415,s2-eth1,1187154.00,26130.00,1213284.00,26130,1187154,785.00,393.00,1178.00,393,785,0.00,0.00,0,0
1514578415,s2-eth3,19206.00,897980.00,917186.00,897980,19206,291.00,594.00,885.00,594,291,0.00,0.00,0,0
1514578415,s2-eth2,6990.00,290688.00,297678.00,290688,6990,103.00,192.00,295.00,192,103,0.00,0.00,0,0
1514578415,s3-eth1,897980.00,19206.00,917186.00,19206,897980,594.00,291.00,885.00,291,594,0.00,0.00,0,0
1514578415,s3-eth3,13860.00,643628.00,657488.00,643628,13860,210.00,426.00,636.00,426,210,0.00,0.00,0,0
1514578415,s3-eth2,5346.00,251324.00,256670.00,251324,5346,81.00,166.00,247.00,166,81,0.00,0.00,0,0
1514578415,eth0,138.00,66.00,204.00,66,138,1.00,1.00,2.00,1,1,0.00,0.00,0,0
1514578415,lo,0.00,0.00,0.00,0,0,0.00,0.00,0.00,0,0,0.00,0.00,0,0
1514578415,s4-eth1,643628.00,13860.00,657488.00,13860,643628,426.00,210.00,636.00,210,426,0.00,0.00,0,0
1514578415,s4-eth3,7194.00,328716.00,335910.00,328716,7194,109.00,218.00,327.00,218,109,0.00,0.00,0,0
1514578415,s4-eth2,6666.00,314912.00,321578.00,314912,6666,101.00,208.00,309.00,208,101,0.00,0.00,0,0
1514578415,s5-eth1,328716.00,7194.00,335910.00,7194,328716,218.00,109.00,327.00,109,218,0.00,0.00,0,0
1514578415,s5-eth2,7194.00,325688.00,332882.00,325688,7194,109.00,216.00,325.00,216,109,0.00,0.00,0,0
1514578415,total,4404370.00,4454260.00,8858630.00,4454260,4404370,4299.00,4332.00,8631.00,4332,4299,0.00,0.00,0,0
1514578416,s1-eth1,1249172.00,35766.00,1284938.00,35766,1249172,826.00,511.00,1337.00,511,826,0.00,0.00,0,0
1514578416,s1-eth3,31788.00,1121300.00,1153088.00,1121300,31788,456.00,742.00,1198.00,742,456,0.00,0.00,0,0
1514578416,s1-eth2,3978.00,112036.00,116014.00,112036,3978,55.00,74.00,129.00,74,55,0.00,0.00,0,0
1514578416,s2-eth1,1121300.00,31788.00,1153088.00,31788,1121300,742.00,456.00,1198.00,456,742,0.00,0.00,0,0
1514578416,s2-eth3,23148.00,938106.00,961254.00,938106,23148,342.00,621.00,963.00,621,342,0.00,0.00,0,0
1514578416,s2-eth2,8640.00,183194.00,191834.00,183194,8640,114.00,121.00,235.00,121,114,0.00,0.00,0,0
1514578416,s3-eth1,938106.00,23148.00,961254.00,23148,938106,621.00,342.00,963.00,342,621,0.00,0.00,0,0
1514578416,s3-eth3,15180.00,697380.00,712560.00,697380,15180,230.00,462.00,692.00,462,230,0.00,0.00,0,0
1514578416,s3-eth2,7902.00,239212.00,247114.00,239212,7902,111.00,158.00,269.00,158,111,0.00,0.00,0,0
1514578416,eth0,138.00,66.00,204.00,66,138,1.00,1.00,2.00,1,1,0.00,0.00,0,0
1514578416,lo,0.00,0.00,0.00,0,0,0.00,0.00,0.00,0,0,0.00,0.00,0,0
1514578416,s4-eth1,697380.00,15180.00,712560.00,15180,697380,462.00,230.00,692.00,230,462,0.00,0.00,0,0
1514578416,s4-eth3,6534.00,293142.00,299676.00,293142,6534,99.00,195.00,294.00,195,99,0.00,0.00,0,0
1514578416,s4-eth2,8646.00,405752.00,414398.00,405752,8646,131.00,268.00,399.00,268,131,0.00,0.00,0,0
1514578416,s5-eth1,293142.00,6534.00,299676.00,6534,293142,195.00,99.00,294.00,99,195,0.00,0.00,0,0
1514578416,s5-eth2,6468.00,293142.00,299610.00,293142,6468,98.00,195.00,293.00,195,98,0.00,0.00,0,0
1514578416,total,4411522.00,4395746.00,8807268.00,4395746,4411522,4483.00,4475.00,8958.00,4475,4483,0.00,0.00,0,0
1514578417,s1-eth1,1251312.00,29600.00,1280912.00,29600,1251312,828.00,440.00,1268.00,440,828,0.00,0.00,0,0
1514578417,s1-eth3,25972.00,1167224.00,1193196.00,1167224,25972,390.00,772.00,1162.00,772,390,0.00,0.00,0,0
1514578417,s1-eth2,3694.00,118092.00,121786.00,118092,3694,51.00,78.00,129.00,78,51,0.00,0.00,0,0
1514578417,s2-eth1,1167224.00,25972.00,1193196.00,25972,1167224,772.00,390.00,1162.00,390,772,0.00,0.00,0,0
1514578417,s2-eth3,21814.00,987058.00,1008872.00,987058,21814,327.00,653.00,980.00,653,327,0.00,0.00,0,0
1514578417,s2-eth2,4158.00,183194.00,187352.00,183194,4158,63.00,121.00,184.00,121,63,0.00,0.00,0,0
1514578417,s3-eth1,987058.00,21814.00,1008872.00,21814,987058,653.00,327.00,980.00,327,653,0.00,0.00,0,0
1514578417,s3-eth3,15874.00,709370.00,725244.00,709370,15874,237.00,469.00,706.00,469,237,0.00,0.00,0,0
1514578417,s3-eth2,6006.00,276174.00,282180.00,276174,6006,91.00,183.00,274.00,183,91,0.00,0.00,0,0
1514578417,eth0,138.00,66.00,204.00,66,138,1.00,1.00,2.00,1,1,0.00,0.00,0,0
1514578417,lo,0.00,0.00,0.00,0,0,0.00,0.00,0.00,0,0,0.00,0.00,0,0
1514578417,s4-eth1,709370.00,15874.00,725244.00,15874,709370,469.00,237.00,706.00,237,469,0.00,0.00,0,0
1514578417,s4-eth3,7228.00,318758.00,325986.00,318758,7228,106.00,211.00,317.00,211,106,0.00,0.00,0,0
1514578417,s4-eth2,8646.00,389098.00,397744.00,389098,8646,131.00,257.00,388.00,257,131,0.00,0.00,0,0
1514578417,s5-eth1,318758.00,7228.00,325986.00,7228,318758,211.00,106.00,317.00,106,211,0.00,0.00,0,0
1514578417,s5-eth2,7294.00,318758.00,326052.00,318758,7294,107.00,211.00,318.00,211,107,0.00,0.00,0,0
1514578417,total,4534546.00,4568280.00,9102826.00,4568280,4534546,4437.00,4456.00,8893.00,4456,4437,0.00,0.00,0,0
1514578418,s1-eth1,1250564.00,32032.00,1282596.00,32032,1250564,826.00,466.00,1292.00,466,826,0.00,0.00,0,0
1514578418,s1-eth3,28824.00,1153668.00,1182492.00,1153668,28824,420.00,762.00,1182.00,762,420,0.00,0.00,0,0
1514578418,s1-eth2,3208.00,109008.00,112216.00,109008,3208,46.00,72.00,118.00,72,46,0.00,0.00,0,0
1514578418,s2-eth1,1153668.00,28824.00,1182492.00,28824,1153668,762.00,420.00,1182.00,420,762,0.00,0.00,0,0
1514578418,s2-eth3,24798.00,967446.00,992244.00,967446,24798,359.00,639.00,998.00,639,359,0.00,0.00,0,0
1514578418,s2-eth2,4026.00,181680.00,185706.00,181680,4026,61.00,120.00,181.00,120,61,0.00,0.00,0,0
1514578418,s3-eth1,967446.00,24798.00,992244.00,24798,967446,639.00,359.00,998.00,359,639,0.00,0.00,0,0
1514578418,s3-eth3,18594.00,682814.00,701408.00,682814,18594,265.00,451.00,716.00,451,265,0.00,0.00,0,0
1514578418,s3-eth2,6204.00,284632.00,290836.00,284632,6204,94.00,188.00,282.00,188,94,0.00,0.00,0,0
1514578418,eth0,198.00,126.00,324.00,126,198,2.00,2.00,4.00,2,2,0.00,0.00,0,0
1514578418,lo,860.00,860.00,1720.00,860,860,15.00,15.00,30.00,15,15,0.00,0.00,0,0
1514578418,s4-eth1,682814.00,18594.00,701408.00,18594,682814,451.00,265.00,716.00,265,451,0.00,0.00,0,0
1514578418,s4-eth3,10344.00,310370.00,320714.00,310370,10344,140.00,205.00,345.00,205,140,0.00,0.00,0,0
1514578418,s4-eth2,8184.00,375472.00,383656.00,375472,8184,124.00,248.00,372.00,248,124,0.00,0.00,0,0
1514578418,s5-eth1,310370.00,10344.00,320714.00,10344,310370,205.00,140.00,345.00,140,205,0.00,0.00,0,0
1514578418,s5-eth2,10344.00,310370.00,320714.00,310370,10344,140.00,205.00,345.00,205,140,0.00,0.00,0,0
1514578418,total,4480446.00,4491038.00,8971484.00,4491038,4480446,4549.00,4557.00,9106.00,4557,4549,0.00,0.00,0,0
1514578419,s1-eth1,1250742.00,38900.00,1289642.00,38900,1250742,827.00,548.00,1375.00,548,827,0.00,0.00,0,0
1514578419,s1-eth3,34874.00,1122982.00,1157856.00,1122982,34874,493.00,743.00,1236.00,743,493,0.00,0.00,0,0
1514578419,s1-eth2,3960.00,84784.00,88744.00,84784,3960,54.00,56.00,110.00,56,54,0.00,0.00,0,0
1514578419,s2-eth1,1122982.00,34874.00,1157856.00,34874,1122982,743.00,493.00,1236.00,493,743,0.00,0.00,0,0
1514578419,s2-eth3,29300.00,954928.00,984228.00,954928,29300,414.00,632.00,1046.00,632,414,0.00,0.00,0,0
1514578419,s2-eth2,5574.00,168054.00,173628.00,168054,5574,79.00,111.00,190.00,111,79,0.00,0.00,0,0
1514578419,s3-eth1,954928.00,29300.00,984228.00,29300,954928,632.00,414.00,1046.00,414,632,0.00,0.00,0,0
1514578419,s3-eth3,21974.00,622432.00,644406.00,622432,21974,303.00,412.00,715.00,412,303,0.00,0.00,0,0
1514578419,s3-eth2,7326.00,332496.00,339822.00,332496,7326,111.00,220.00,331.00,220,111,0.00,0.00,0,0
1514578419,eth0,138.00,126.00,264.00,126,138,1.00,2.00,3.00,2,1,0.00,0.00,0,0
1514578419,lo,0.00,0.00,0.00,0,0,0.00,0.00,0.00,0,0,0.00,0.00,0,0
1514578419,s4-eth1,622432.00,21974.00,644406.00,21974,622432,412.00,303.00,715.00,303,412,0.00,0.00,0,0
1514578419,s4-eth3,9234.00,275726.00,284960.00,275726,9234,129.00,183.00,312.00,183,129,0.00,0.00,0,0
1514578419,s4-eth2,12740.00,346706.00,359446.00,346706,12740,174.00,229.00,403.00,229,174,0.00,0.00,0,0
1514578419,s5-eth1,275726.00,9234.00,284960.00,9234,275726,183.00,129.00,312.00,129,183,0.00,0.00,0,0
1514578419,s5-eth2,9234.00,275726.00,284960.00,275726,9234,129.00,183.00,312.00,183,129,0.00,0.00,0,0
1514578419,total,4361164.00,4318242.00,8679406.00,4318242,4361164,4684.00,4658.00,9342.00,4658,4684,0.00,0.00,0,0
1514578420,s1-eth1,1250798.00,27786.00,1278584.00,27786,1250798,827.00,421.00,1248.00,421,827,0.00,0.00,0,0
1514578420,s1-eth3,26070.00,1212018.00,1238088.00,1212018,26070,395.00,801.00,1196.00,801,395,0.00,0.00,0,0
1514578420,s1-eth2,1782.00,74186.00,75968.00,74186,1782,27.00,49.00,76.00,49,27,0.00,0.00,0,0
1514578420,s2-eth1,1212018.00,26070.00,1238088.00,26070,1212018,801.00,395.00,1196.00,395,801,0.00,0.00,0,0
1514578420,s2-eth3,22176.00,1030338.00,1052514.00,1030338,22176,336.00,681.00,1017.00,681,336,0.00,0.00,0,0
1514578420,s2-eth2,3894.00,183194.00,187088.00,183194,3894,59.00,121.00,180.00,121,59,0.00,0.00,0,0
1514578420,s3-eth1,1030338.00,22176.00,1052514.00,22176,1030338,681.00,336.00,1017.00,336,681,0.00,0.00,0,0
1514578420,s3-eth3,14982.00,707038.00,722020.00,707038,14982,227.00,467.00,694.00,467,227,0.00,0.00,0,0
1514578420,s3-eth2,7194.00,326328.00,333522.00,326328,7194,109.00,216.00,325.00,216,109,0.00,0.00,0,0
1514578420,eth0,138.00,66.00,204.00,66,138,1.00,1.00,2.00,1,1,0.00,0.00,0,0
1514578420,lo,0.00,0.00,0.00,0,0,0.00,0.00,0.00,0,0,0.00,0.00,0,0
1514578420,s4-eth1,707038.00,14982.00,722020.00,14982,707038,467.00,227.00,694.00,227,467,0.00,0.00,0,0
1514578420,s4-eth3,7524.00,348220.00,355744.00,348220,7524,114.00,230.00,344.00,230,114,0.00,0.00,0,0
1514578420,s4-eth2,7524.00,355790.00,363314.00,355790,7524,114.00,235.00,349.00,235,114,0.00,0.00,0,0
1514578420,s5-eth1,348220.00,7524.00,355744.00,7524,348220,230.00,114.00,344.00,114,230,0.00,0.00,0,0
1514578420,s5-eth2,7524.00,348220.00,355744.00,348220,7524,114.00,230.00,344.00,230,114,0.00,0.00,0,0
1514578420,total,4647220.00,4683936.00,9331156.00,4683936,4647220,4502.00,4524.00,9026.00,4524,4502,0.00,0.00,0,0
1514578421,s1-eth1,1250564.00,27390.00,1277954.00,27390,1250564,826.00,415.00,1241.00,415,826,0.00,0.00,0,0
1514578421,s1-eth3,25674.00,1170322.00,1195996.00,1170322,25674,389.00,773.00,1162.00,773,389,0.00,0.00,0,0
1514578421,s1-eth2,1716.00,83270.00,84986.00,83270,1716,26.00,55.00,81.00,55,26,0.00,0.00,0,0
1514578421,s2-eth1,1170322.00,25674.00,1195996.00,25674,1170322,773.00,389.00,1162.00,389,773,0.00,0.00,0,0
1514578421,s2-eth3,21714.00,993184.00,1014898.00,993184,21714,329.00,656.00,985.00,656,329,0.00,0.00,0,0
1514578421,s2-eth2,3960.00,178652.00,182612.00,178652,3960,60.00,118.00,178.00,118,60,0.00,0.00,0,0
1514578421,s3-eth1,993184.00,21714.00,1014898.00,21714,993184,656.00,329.00,985.00,329,656,0.00,0.00,0,0
1514578421,s3-eth3,15114.00,687356.00,702470.00,687356,15114,229.00,454.00,683.00,454,229,0.00,0.00,0,0
1514578421,s3-eth2,6600.00,302800.00,309400.00,302800,6600,100.00,200.00,300.00,200,100,0.00,0.00,0,0
1514578421,eth0,138.00,66.00,204.00,66,138,1.00,1.00,2.00,1,1,0.00,0.00,0,0
1514578421,lo,0.00,0.00,0.00,0,0,0.00,0.00,0.00,0,0,0.00,0.00,0,0
1514578421,s4-eth1,687356.00,15114.00,702470.00,15114,687356,454.00,229.00,683.00,229,454,0.00,0.00,0,0
1514578421,s4-eth3,6930.00,313398.00,320328.00,313398,6930,105.00,207.00,312.00,207,105,0.00,0.00,0,0
1514578421,s4-eth2,8118.00,376986.00,385104.00,376986,8118,123.00,249.00,372.00,249,123,0.00,0.00,0,0
1514578421,s5-eth1,313398.00,6930.00,320328.00,6930,313398,207.00,105.00,312.00,105,207,0.00,0.00,0,0
1514578421,s5-eth2,6930.00,313398.00,320328.00,313398,6930,105.00,207.00,312.00,207,105,0.00,0.00,0,0
1514578421,total,4511718.00,4516254.00,9027972.00,4516254,4511718,4383.00,4387.00,8770.00,4387,4383,0.00,0.00,0,0
1514578422,s1-eth1,1250046.00,28916.00,1278962.00,28916,1250046,827.00,434.00,1261.00,434,827,0.00,0.00,0,0
1514578422,s1-eth3,26202.00,1191000.00,1217202.00,1191000,26202,397.00,788.00,1185.00,788,397,0.00,0.00,0,0
1514578422,s1-eth2,2714.00,66616.00,69330.00,66616,2714,37.00,44.00,81.00,44,37,0.00,0.00,0,0
1514578422,s2-eth1,1191000.00,26202.00,1217202.00,26202,1191000,788.00,397.00,1185.00,397,788,0.00,0.00,0,0
1514578422,s2-eth3,22110.00,1010834.00,1032944.00,1010834,22110,335.00,669.00,1004.00,669,335,0.00,0.00,0,0
1514578422,s2-eth2,4026.00,180166.00,184192.00,180166,4026,61.00,119.00,180.00,119,61,0.00,0.00,0,0
1514578422,s3-eth1,1010834.00,22110.00,1032944.00,22110,1010834,669.00,335.00,1004.00,335,669,0.00,0.00,0,0
1514578422,s3-eth3,14982.00,688870.00,703852.00,688870,14982,227.00,455.00,682.00,455,227,0.00,0.00,0,0
1514578422,s3-eth2,7128.00,321964.00,329092.00,321964,7128,108.00,214.00,322.00,214,108,0.00,0.00,0,0
1514578422,eth0,138.00,66.00,204.00,66,138,1.00,1.00,2.00,1,1,0.00,0.00,0,0
1514578422,lo,0.00,0.00,0.00,0,0,0.00,0.00,0.00,0,0,0.00,0.00,0,0
1514578422,s4-eth1,688870.00,14982.00,703852.00,14982,688870,455.00,227.00,682.00,227,455,0.00,0.00,0,0
1514578422,s4-eth3,6798.00,307342.00,314140.00,307342,6798,103.00,203.00,306.00,203,103,0.00,0.00,0,0
1514578422,s4-eth2,8250.00,378500.00,386750.00,378500,8250,125.00,250.00,375.00,250,125,0.00,0.00,0,0
1514578422,s5-eth1,307342.00,6798.00,314140.00,6798,307342,203.00,103.00,306.00,103,203,0.00,0.00,0,0
1514578422,s5-eth2,6798.00,307342.00,314140.00,307342,6798,103.00,203.00,306.00,203,103,0.00,0.00,0,0
1514578422,total,4547238.00,4551708.00,9098946.00,4551708,4547238,4439.00,4442.00,8881.00,4442,4439,0.00,0.00,0,0
1514578423,s1-eth1,1250686.00,30498.00,1281184.00,30498,1250686,827.00,451.00,1278.00,451,827,0.00,0.00,0,0
1514578423,s1-eth3,28452.00,1158332.00,1186784.00,1158332,28452,420.00,766.00,1186.00,766,420,0.00,0.00,0,0
1514578423,s1-eth2,1980.00,83270.00,85250.00,83270,1980,30.00,55.00,85.00,55,30,0.00,0.00,0,0
1514578423,s2-eth1,1158332.00,28452.00,1186784.00,28452,1158332,766.00,420.00,1186.00,420,766,0.00,0.00,0,0
1514578423,s2-eth3,24096.00,973624.00,997720.00,973624,24096,354.00,644.00,998.00,644,354,0.00,0.00,0,0
1514578423,s2-eth2,4356.00,199848.00,204204.00,199848,4356,66.00,132.00,198.00,132,66,0.00,0.00,0,0
1514578423,s3-eth1,973624.00,24096.00,997720.00,24096,973624,644.00,354.00,998.00,354,644,0.00,0.00,0,0
1514578423,s3-eth3,15378.00,705524.00,720902.00,705524,15378,233.00,466.00,699.00,466,233,0.00,0.00,0,0
1514578423,s3-eth2,8718.00,268100.00,276818.00,268100,8718,121.00,178.00,299.00,178,121,0.00,0.00,0,0
1514578423,eth0,138.00,66.00,204.00,66,138,1.00,1.00,2.00,1,1,0.00,0.00,0,0
1514578423,lo,860.00,860.00,1720.00,860,860,15.00,15.00,30.00,15,15,0.00,0.00,0,0
1514578423,s4-eth1,705524.00,15378.00,720902.00,15378,705524,466.00,233.00,699.00,233,466,0.00,0.00,0,0
1514578423,s4-eth3,6798.00,311884.00,318682.00,311884,6798,103.00,206.00,309.00,206,103,0.00,0.00,0,0
1514578423,s4-eth2,8580.00,393640.00,402220.00,393640,8580,130.00,260.00,390.00,260,130,0.00,0.00,0,0
1514578423,s5-eth1,311884.00,6798.00,318682.00,6798,311884,206.00,103.00,309.00,103,206,0.00,0.00,0,0
1514578423,s5-eth2,6798.00,311884.00,318682.00,311884,6798,103.00,206.00,309.00,206,103,0.00,0.00,0,0
1514578423,total,4506204.00,4512254.00,9018458.00,4512254,4506204,4485.00,4490.00,8975.00,4490,4485,0.00,0.00,0,0
1514578424,s1-eth1,1251662.00,36594.00,1288256.00,36594,1251662,827.00,523.00,1350.00,523,827,0.00,0.00,0,0
1514578424,s1-eth3,33864.00,1129028.00,1162892.00,1129028,33864,484.00,746.00,1230.00,746,484,0.00,0.00,0,0
1514578424,s1-eth2,2730.00,77214.00,79944.00,77214,2730,39.00,51.00,90.00,51,39,0.00,0.00,0,0
1514578424,s2-eth1,1129028.00,33864.00,1162892.00,33864,1129028,746.00,484.00,1230.00,484,746,0.00,0.00,0,0
1514578424,s2-eth3,27780.00,959460.00,987240.00,959460,27780,398.00,634.00,1032.00,634,398,0.00,0.00,0,0
1514578424,s2-eth2,6084.00,177138.00,183222.00,177138,6084,86.00,117.00,203.00,117,86,0.00,0.00,0,0
1514578424,s3-eth1,959460.00,27780.00,987240.00,27780,959460,634.00,398.00,1032.00,398,634,0.00,0.00,0,0
1514578424,s3-eth3,19974.00,733874.00,753848.00,733874,19974,291.00,485.00,776.00,485,291,0.00,0.00,0,0
1514578424,s3-eth2,7806.00,225586.00,233392.00,225586,7806,107.00,149.00,256.00,149,107,0.00,0.00,0,0
1514578424,eth0,138.00,66.00,204.00,66,138,1.00,1.00,2.00,1,1,0.00,0.00,0,0
1514578424,lo,0.00,0.00,0.00,0,0,0.00,0.00,0.00,0,0,0.00,0.00,0,0
1514578424,s4-eth1,733874.00,19974.00,753848.00,19974,733874,485.00,291.00,776.00,291,485,0.00,0.00,0,0
1514578424,s4-eth3,8448.00,382626.00,391074.00,382626,8448,128.00,253.00,381.00,253,128,0.00,0.00,0,0
1514578424,s4-eth2,11526.00,351248.00,362774.00,351248,11526,163.00,232.00,395.00,232,163,0.00,0.00,0,0
1514578424,s5-eth1,382626.00,8448.00,391074.00,8448,382626,253.00,128.00,381.00,128,253,0.00,0.00,0,0
1514578424,s5-eth2,8382.00,385654.00,394036.00,385654,8382,127.00,255.00,382.00,255,127,0.00,0.00,0,0
1514578424,total,4583382.00,4548554.00,9131936.00,4548554,4583382,4769.00,4747.00,9516.00,4747,4769,0.00,0.00,0,0
1514578425,s1-eth1,1250742.00,28050.00,1278792.00,28050,1250742,827.00,425.00,1252.00,425,827,0.00,0.00,0,0
1514578425,s1-eth3,25938.00,1207654.00,1233592.00,1207654,25938,393.00,799.00,1192.00,799,393,0.00,0.00,0,0
1514578425,s1-eth2,2178.00,95382.00,97560.00,95382,2178,33.00,63.00,96.00,63,33,0.00,0.00,0,0
1514578425,s2-eth1,1207654.00,25938.00,1233592.00,25938,1207654,799.00,393.00,1192.00,393,799,0.00,0.00,0,0
1514578425,s2-eth3,21516.00,974498.00,996014.00,974498,21516,326.00,645.00,971.00,645,326,0.00,0.00,0,0
1514578425,s2-eth2,4422.00,207418.00,211840.00,207418,4422,67.00,137.00,204.00,137,67,0.00,0.00,0,0
1514578425,s3-eth1,974498.00,21516.00,996014.00,21516,974498,645.00,326.00,971.00,326,645,0.00,0.00,0,0
1514578425,s3-eth3,16038.00,732258.00,748296.00,732258,16038,243.00,485.00,728.00,485,243,0.00,0.00,0,0
1514578425,s3-eth2,5478.00,245268.00,250746.00,245268,5478,83.00,162.00,245.00,162,83,0.00,0.00,0,0
1514578425,eth0,138.00,66.00,204.00,66,138,1.00,1.00,2.00,1,1,0.00,0.00,0,0
1514578425,lo,0.00,0.00,0.00,0,0,0.00,0.00,0.00,0,0,0.00,0.00,0,0
1514578425,s4-eth1,732258.00,16038.00,748296.00,16038,732258,485.00,243.00,728.00,243,485,0.00,0.00,0,0
1514578425,s4-eth3,8382.00,376468.00,384850.00,376468,8382,127.00,250.00,377.00,250,127,0.00,0.00,0,0
1514578425,s4-eth2,7590.00,355790.00,363380.00,355790,7590,115.00,235.00,350.00,235,115,0.00,0.00,0,0
1514578425,s5-eth1,376468.00,8382.00,384850.00,8382,376468,250.00,127.00,377.00,127,250,0.00,0.00,0,0
1514578425,s5-eth2,8448.00,373440.00,381888.00,373440,8448,128.00,248.00,376.00,248,128,0.00,0.00,0,0
1514578425,total,4641748.00,4668166.00,9309914.00,4668166,4641748,4522.00,4539.00,9061.00,4539,4522,0.00,0.00,0,0
1514578426,s1-eth1,1249990.00,28572.00,1278562.00,28572,1249990,827.00,430.00,1257.00,430,827,0.00,0.00,0,0
1514578426,s1-eth3,26658.00,1200724.00,1227382.00,1200724,26658,401.00,794.00,1195.00,794,401,0.00,0.00,0,0
1514578426,s1-eth2,1848.00,78728.00,80576.00,78728,1848,28.00,52.00,80.00,52,28,0.00,0.00,0,0
1514578426,s2-eth1,1200724.00,26658.00,1227382.00,26658,1200724,794.00,401.00,1195.00,401,794,0.00,0.00,0,0
1514578426,s2-eth3,22104.00,993306.00,1015410.00,993306,22104,332.00,657.00,989.00,657,332,0.00,0.00,0,0
1514578426,s2-eth2,4620.00,210446.00,215066.00,210446,4620,70.00,139.00,209.00,139,70,0.00,0.00,0,0
1514578426,s3-eth1,993306.00,22104.00,1015410.00,22104,993306,657.00,332.00,989.00,332,657,0.00,0.00,0,0
1514578426,s3-eth3,16362.00,731384.00,747746.00,731384,16362,245.00,484.00,729.00,484,245,0.00,0.00,0,0
1514578426,s3-eth2,5742.00,258894.00,264636.00,258894,5742,87.00,171.00,258.00,171,87,0.00,0.00,0,0
1514578426,eth0,106.00,66.00,172.00,66,106,1.00,1.00,2.00,1,1,0.00,0.00,0,0
1514578426,lo,0.00,0.00,0.00,0,0,0.00,0.00,0.00,0,0,0.00,0.00,0,0
1514578426,s4-eth1,731384.00,16362.00,747746.00,16362,731384,484.00,245.00,729.00,245,484,0.00,0.00,0,0
1514578426,s4-eth3,7980.00,340772.00,348752.00,340772,7980,118.00,226.00,344.00,226,118,0.00,0.00,0,0
1514578426,s4-eth2,8448.00,390612.00,399060.00,390612,8448,128.00,258.00,386.00,258,128,0.00,0.00,0,0
1514578426,s5-eth1,340772.00,7980.00,348752.00,7980,340772,226.00,118.00,344.00,118,226,0.00,0.00,0,0
1514578426,s5-eth2,7980.00,340772.00,348752.00,340772,7980,118.00,226.00,344.00,226,118,0.00,0.00,0,0
1514578426,total,4618024.00,4647380.00,9265404.00,4647380,4618024,4516.00,4534.00,9050.00,4534,4516,0.00,0.00,0,0
1514578427,eth0,2046.00,1254.00,3300.00,1254,2046,19.00,19.00,38.00,19,19,0.00,0.00,0,0
1514578427,lo,1916.00,1916.00,3832.00,1916,1916,27.00,27.00,54.00,27,27,0.00,0.00,0,0
1514578427,total,18446744073709551616.00,18446744073709551616.00,18446744073709551616.00,18446744073578407745,18446744073578981687,18446744073709420544.00,18446744073709420544.00,18446744073709287424.00,18446744073709419785,18446744073709420032,0.00,0.00,0,0
1514578428,eth0,106.00,66.00,172.00,66,106,1.00,1.00,2.00,1,1,0.00,0.00,0,0
1514578428,lo,0.00,0.00,0.00,0,0,0.00,0.00,0.00,0,0,0.00,0.00,0,0
1514578428,total,106.00,66.00,172.00,66,106,1.00,1.00,2.00,1,1,0.00,0.00,0,0
1514578429,eth0,106.00,66.00,172.00,66,106,1.00,1.00,2.00,1,1,0.00,0.00,0,0
1514578429,lo,0.00,0.00,0.00,0,0,0.00,0.00,0.00,0,0,0.00,0.00,0,0
1514578429,total,106.00,66.00,172.00,66,106,1.00,1