1514571299,s1-eth1,0.00,0.00,0.00,0,0,0.00,0.00,0.00,0,0,0.00,0.00,0,0
1514571299,s1-eth2,0.00,0.00,0.00,0,0,0.00,0.00,0.00,0,0,0.00,0.00,0,0
1514571299,s2-eth1,0.00,0.00,0.00,0,0,0.00,0.00,0.00,0,0,0.00,0.00,0,0
1514571299,s2-eth2,0.00,0.00,0.00,0,0,0.00,0.00,0.00,0,0,0.00,0.00,0,0
1514571299,s3-eth1,0.00,0.00,0.00,0,0,0.00,0.00,0.00,0,0,0.00,0.00,0,0
1514571299,s3-eth2,0.00,0.00,0.00,0,0,0.00,0.00,0.00,0,0,0.00,0.00,0,0
1514571299,eth0,0.00,0.00,0.00,0,0,0.00,0.00,0.00,0,0,0.00,0.00,0,0
1514571299,lo,0.00,0.00,0.00,0,0,0.00,0.00,0.00,0,0,0.00,0.00,0,0
1514571299,total,0.00,0.00,0.00,0,0,0.00,0.00,0.00,0,0,0.00,0.00,0,0
1514571300,s1-eth1,1253474.00,28120.00,1281594.00,28120,1253474,833.00,426.00,1259.00,426,833,0.00,0.00,0,0
1514571300,s1-eth2,28120.00,1253474.00,1281594.00,1253474,28120,426.00,833.00,1259.00,833,426,0.00,0.00,0,0
1514571300,s2-eth1,1253474.00,28120.00,1281594.00,28120,1253474,833.00,426.00,1259.00,426,833,0.00,0.00,0,0
1514571300,s2-eth2,28054.00,1253474.00,1281528.00,1253474,28054,425.00,833.00,1258.00,833,425,0.00,0.00,0,0
1514571300,s3-eth1,1253474.00,28054.00,1281528.00,28054,1253474,833.00,425.00,1258.00,425,833,0.00,0.00,0,0
1514571300,s3-eth2,28120.00,1253474.00,1281594.00,1253474,28120,426.00,833.00,1259.00,833,426,0.00,0.00,0,0
1514571300,eth0,0.00,0.00,0.00,0,0,0.00,0.00,0.00,0,0,0.00,0.00,0,0
1514571300,lo,1668.00,1668.00,3336.00,1668,1668,18.00,18.00,36.00,18,18,0.00,0.00,0,0
1514571300,total,3846384.00,3846384.00,7692768.00,3846384,3846384,3794.00,3794.00,7588.00,3794,3794,0.00,0.00,0,0
1514571301,s1-eth1,1251174.00,28248.00,1279422.00,28248,1251174,831.00,428.00,1259.00,428,831,0.00,0.00,0,0
1514571301,s1-eth2,28182.00,1249660.00,1277842.00,1249660,28182,427.00,830.00,1257.00,830,427,0.00,0.00,0,0
1514571301,s2-eth1,1249660.00,28182.00,1277842.00,28182,1249660,830.00,427.00,1257.00,427,830,0.00,0.00,0,0
1514571301,s2-eth2,28248.00,1251174.00,1279422.00,1251174,28248,428.00,831.00,1259.00,831,428,0.00,0.00,0,0
1514571301,s3-eth1,1251174.00,28248.00,1279422.00,28248,1251174,831.00,428.00,1259.00,428,831,0.00,0.00,0,0
1514571301,s3-eth2,28182.00,1251174.00,1279356.00,1251174,28182,427.00,831.00,1258.00,831,427,0.00,0.00,0,0
1514571301,eth0,0.00,0.00,0.00,0,0,0.00,0.00,0.00,0,0,0.00,0.00,0,0
1514571301,lo,0.00,0.00,0.00,0,0,0.00,0.00,0.00,0,0,0.00,0.00,0,0
1514571301,total,3836620.00,3836686.00,7673306.00,3836686,3836620,3774.00,3775.00,7549.00,3775,3774,0.00,0.00,0,0
1514571302,s1-eth1,1250290.00,27720.00,1278010.00,27720,1250290,829.00,420.00,1249.00,420,829,0.00,0.00,0,0
1514571302,s1-eth2,27786.00,1251804.00,1279590.00,1251804,27786,421.00,830.00,1251.00,830,421,0.00,0.00,0,0
1514571302,s2-eth1,1251804.00,27786.00,1279590.00,27786,1251804,830.00,421.00,1251.00,421,830,0.00,0.00,0,0
1514571302,s2-eth2,27720.00,1250290.00,1278010.00,1250290,27720,420.00,829.00,1249.00,829,420,0.00,0.00,0,0
1514571302,s3-eth1,1250290.00,27720.00,1278010.00,27720,1250290,829.00,420.00,1249.00,420,829,0.00,0.00,0,0
1514571302,s3-eth2,27786.00,1250290.00,1278076.00,1250290,27786,421.00,829.00,1250.00,829,421,0.00,0.00,0,0
1514571302,eth0,0.00,0.00,0.00,0,0,0.00,0.00,0.00,0,0,0.00,0.00,0,0
1514571302,lo,0.00,0.00,0.00,0,0,0.00,0.00,0.00,0,0,0.00,0.00,0,0
1514571302,total,3835676.00,3835610.00,7671286.00,3835610,3835676,3750.00,3749.00,7499.00,3749,3750,0.00,0.00,0,0
1514571303,s1-eth1,1250426.00,27720.00,1278146.00,27720,1250426,831.00,420.00,1251.00,420,831,0.00,0.00,0,0
1514571303,s1-eth2,27654.00,1250426.00,1278080.00,1250426,27654,419.00,831.00,1250.00,831,419,0.00,0.00,0,0
1514571303,s2-eth1,1250426.00,27654.00,1278080.00,27654,1250426,831.00,419.00,1250.00,419,831,0.00,0.00,0,0
1514571303,s2-eth2,27720.00,1250426.00,1278146.00,1250426,27720,420.00,831.00,1251.00,831,420,0.00,0.00,0,0
1514571303,s3-eth1,1250426.00,27720.00,1278146.00,27720,1250426,831.00,420.00,1251.00,420,831,0.00,0.00,0,0
1514571303,s3-eth2,27654.00,1250426.00,1278080.00,1250426,27654,419.00,831.00,1250.00,831,419,0.00,0.00,0,0
1514571303,eth0,0.00,0.00,0.00,0,0,0.00,0.00,0.00,0,0,0.00,0.00,0,0
1514571303,lo,804.00,804.00,1608.00,804,804,9.00,9.00,18.00,9,9,0.00,0.00,0,0
1514571303,total,3835110.00,3835176.00,7670286.00,3835176,3835110,3760.00,3761.00,7521.00,3761,3760,0.00,0.00,0,0
1514571304,s1-eth1,1249538.00,28186.00,1277724.00,28186,1249538,829.00,427.00,1256.00,427,829,0.00,0.00,0,0
1514571304,s1-eth2,28186.00,1249538.00,1277724.00,1249538,28186,427.00,829.00,1256.00,829,427,0.00,0.00,0,0
1514571304,s2-eth1,1249538.00,28186.00,1277724.00,28186,1249538,829.00,427.00,1256.00,427,829,0.00,0.00,0,0
1514571304,s2-eth2,28186.00,1249538.00,1277724.00,1249538,28186,427.00,829.00,1256.00,829,427,0.00,0.00,0,0
1514571304,s3-eth1,1249538.00,28186.00,1277724.00,28186,1249538,829.00,427.00,1256.00,427,829,0.00,0.00,0,0
1514571304,s3-eth2,28186.00,1251052.00,1279238.00,1251052,28186,427.00,830.00,1257.00,830,427,0.00,0.00,0,0
1514571304,eth0,0.00,0.00,0.00,0,0,0.00,0.00,0.00,0,0,0.00,0.00,0,0
1514571304,lo,804.00,804.00,1608.00,804,804,9.00,9.00,18.00,9,9,0.00,0.00,0,0
1514571304,total,3833976.00,3835490.00,7669466.00,3835490,3833976,3777.00,3778.00,7555.00,3778,3777,0.00,0.00,0,0
1514571305,s1-eth1,1251174.00,27522.00,1278696.00,27522,1251174,831.00,417.00,1248.00,417,831,0.00,0.00,0,0
1514571305,s1-eth2,27522.00,1251174.00,1278696.00,1251174,27522,417.00,831.00,1248.00,831,417,0.00,0.00,0,0
1514571305,s2-eth1,1251174.00,27522.00,1278696.00,27522,1251174,831.00,417.00,1248.00,417,831,0.00,0.00,0,0
1514571305,s2-eth2,27522.00,1251174.00,1278696.00,1251174,27522,417.00,831.00,1248.00,831,417,0.00,0.00,0,0
1514571305,s3-eth1,1251174.00,27522.00,1278696.00,27522,1251174,831.00,417.00,1248.00,417,831,0.00,0.00,0,0
1514571305,s3-eth2,27588.00,1249660.00,1277248.00,1249660,27588,418.00,830.00,1248.00,830,418,0.00,0.00,0,0
1514571305,eth0,0.00,0.00,0.00,0,0,0.00,0.00,0.00,0,0,0.00,0.00,0,0
1514571305,lo,0.00,0.00,0.00,0,0,0.00,0.00,0.00,0,0,0.00,0.00,0,0
1514571305,total,3836154.00,3834574.00,7670728.00,3834574,3836154,3745.00,3743.00,7488.00,3743,3745,0.00,0.00,0,0
1514571306,s1-eth1,1250290.00,28512.00,1278802.00,28512,1250290,829.00,432.00,1261.00,432,829,0.00,0.00,0,0
1514571306,s1-eth2,28578.00,1250290.00,1278868.00,1250290,28578,433.00,829.00,1262.00,829,433,0.00,0.00,0,0
1514571306,s2-eth1,1250290.00,28578.00,1278868.00,28578,1250290,829.00,433.00,1262.00,433,829,0.00,0.00,0,0
1514571306,s2-eth2,28578.00,1250290.00,1278868.00,1250290,28578,433.00,829.00,1262.00,829,433,0.00,0.00,0,0
1514571306,s3-eth1,1250290.00,28578.00,1278868.00,28578,1250290,829.00,433.00,1262.00,433,829,0.00,0.00,0,0
1514571306,s3-eth2,28512.00,1251804.00,1280316.00,1251804,28512,432.00,830.00,1262.00,830,432,0.00,0.00,0,0
1514571306,eth0,0.00,0.00,0.00,0,0,0.00,0.00,0.00,0,0,0.00,0.00,0,0
1514571306,lo,0.00,0.00,0.00,0,0,0.00,0.00,0.00,0,0,0.00,0.00,0,0
1514571306,total,3836538.00,3838052.00,7674590.00,3838052,3836538,3785.00,3786.00,7571.00,3786,3785,0.00,0.00,0,0
1514571307,s1-eth1,1250808.00,28932.00,1279740.00,28932,1250808,828.00,438.00,1266.00,438,828,0.00,0.00,0,0
1514571307,s1-eth2,28932.00,1250808.00,1279740.00,1250808,28932,438.00,828.00,1266.00,828,438,0.00,0.00,0,0
1514571307,s2-eth1,1250808.00,28932.00,1279740.00,28932,1250808,828.00,438.00,1266.00,438,828,0.00,0.00,0,0
1514571307,s2-eth2,28932.00,1250808.00,1279740.00,1250808,28932,438.00,828.00,1266.00,828,438,0.00,0.00,0,0
1514571307,s3-eth1,1250808.00,28932.00,1279740.00,28932,1250808,828.00,438.00,1266.00,438,828,0.00,0.00,0,0
1514571307,s3-eth2,28932.00,1249294.00,1278226.00,1249294,28932,438.00,827.00,1265.00,827,438,0.00,0.00,0,0
1514571307,eth0,0.00,0.00,0.00,0,0,0.00,0.00,0.00,0,0,0.00,0.00,0,0
1514571307,lo,864.00,864.00,1728.00,864,864,9.00,9.00,18.00,9,9,0.00,0.00,0,0
1514571307,total,3840084.00,3838570.00,7678654.00,3838570,3840084,3807.00,3806.00,7613.00,3806,3807,0.00,0.00,0,0
1514571308,s1-eth1,1250634.00,27328.00,1277962.00,27328,1250634,827.00,414.00,1241.00,414,827,0.00,0.00,0,0
1514571308,s1-eth2,27328.00,1250634.00,1277962.00,1250634,27328,414.00,827.00,1241.00,827,414,0.00,0.00,0,0
1514571308,s2-eth1,1250634.00,27328.00,1277962.00,27328,1250634,827.00,414.00,1241.00,414,827,0.00,0.00,0,0
1514571308,s2-eth2,27328.00,1250634.00,1277962.00,1250634,27328,414.00,827.00,1241.00,827,414,0.00,0.00,0,0
1514571308,s3-eth1,1250634.00,27328.00,1277962.00,27328,1250634,827.00,414.00,1241.00,414,827,0.00,0.00,0,0
1514571308,s3-eth2,27328.00,1250634.00,1277962.00,1250634,27328,414.00,827.00,1241.00,827,414,0.00,0.00,0,0
1514571308,eth0,0.00,0.00,0.00,0,0,0.00,0.00,0.00,0,0,0.00,0.00,0,0
1514571308,lo,1608.00,1608.00,3216.00,1608,1608,18.00,18.00,36.00,18,18,0.00,0.00,0,0
1514571308,total,3835494.00,3835494.00,7670988.00,3835494,3835494,3741.00,3741.00,7482.00,3741,3741,0.00,0.00,0,0
1514571309,s1-eth1,1251190.00,27324.00,1278514.00,27324,1251190,827.00,414.00,1241.00,414,827,0.00,0.00,0,0
1514571309,s1-eth2,27324.00,1251190.00,1278514.00,1251190,27324,414.00,827.00,1241.00,827,414,0.00,0.00,0,0
1514571309,s2-eth1,1251190.00,27324.00,1278514.00,27324,1251190,827.00,414.00,1241.00,414,827,0.00,0.00,0,0
1514571309,s2-eth2,27258.00,1251190.00,1278448.00,1251190,27258,413.00,827.00,1240.00,827,413,0.00,0.00,0,0
1514571309,s3-eth1,1251190.00,27258.00,1278448.00,27258,1251190,827.00,413.00,1240.00,413,827,0.00,0.00,0,0
1514571309,s3-eth2,27324.00,1251190.00,1278514.00,1251190,27324,414.00,827.00,1241.00,827,414,0.00,0.00,0,0
1514571309,eth0,0.00,0.00,0.00,0,0,0.00,0.00,0.00,0,0,0.00,0.00,0,0
1514571309,lo,0.00,0.00,0.00,0,0,0.00,0.00,0.00,0,0,0.00,0.00,0,0
1514571309,total,3835476.00,3835476.00,7670952.00,3835476,3835476,3722.00,3722.00,7444.00,3722,3722,0.00,0.00,0,0
1514571310,s1-eth1,1242014.00,27192.00,1269206.00,27192,1242014,823.00,412.00,1235.00,412,823,0.00,0.00,0,0
1514571310,s1-eth2,27192.00,1242014.00,1269206.00,1242014,27192,412.00,823.00,1235.00,823,412,0.00,0.00,0,0
1514571310,s2-eth1,1242014.00,27192.00,1269206.00,27192,1242014,823.00,412.00,1235.00,412,823,0.00,0.00,0,0
1514571310,s2-eth2,27192.00,1245042.00,1272234.00,1245042,27192,412.00,825.00,1237.00,825,412,0.00,0.00,0,0
1514571310,s3-eth1,1245042.00,27192.00,1272234.00,27192,1245042,825.00,412.00,1237.00,412,825,0.00,0.00,0,0
1514571310,s3-eth2,27192.00,1245042.00,1272234.00,1245042,27192,412.00,825.00,1237.00,825,412,0.00,0.00,0,0
1514571310,eth0,0.00,0.00,0.00,0,0,0.00,0.00,0.00,0,0,0.00,0.00,0,0
1514571310,lo,0.00,0.00,0.00,0,0,0.00,0.00,0.00,0,0,0.00,0.00,0,0
1514571310,total,3810646.00,3813674.00,7624320.00,3813674,3810646,3707.00,3709.00,7416.00,3709,3707,0.00,0.00,0,0
1514571311,s1-eth1,1251738.00,27522.00,1279260.00,27522,1251738,829.00,417.00,1246.00,417,829,0.00,0.00,0,0
1514571311,s1-eth2,27522.00,1250224.00,1277746.00,1250224,27522,417.00,828.00,1245.00,828,417,0.00,0.00,0,0
1514571311,s2-eth1,1250224.00,27522.00,1277746.00,27522,1250224,828.00,417.00,1245.00,417,828,0.00,0.00,0,0
1514571311,s2-eth2,27522.00,1250224.00,1277746.00,1250224,27522,417.00,828.00,1245.00,828,417,0.00,0.00,0,0
1514571311,s3-eth1,1250224.00,27522.00,1277746.00,27522,1250224,828.00,417.00,1245.00,417,828,0.00,0.00,0,0
1514571311,s3-eth2,27522.00,1250224.00,1277746.00,1250224,27522,417.00,828.00,1245.00,828,417,0.00,0.00,0,0
1514571311,eth0,0.00,0.00,0.00,0,0,0.00,0.00,0.00,0,0,0.00,0.00,0,0
1514571311,lo,0.00,0.00,0.00,0,0,0.00,0.00,0.00,0,0,0.00,0.00,0,0
1514571311,total,3834752.00,3833238.00,7667990.00,3833238,3834752,3736.00,3735.00,7471.00,3735,3736,0.00,0.00,0,0
1514571312,s1-eth1,1249792.25,27362.64,1277154.88,27390,1251042,828.17,414.59,1242.76,415,829,0.00,0.00,0,0
1514571312,s1-eth2,27296.70,1251304.75,1278601.38,1252556,27324,413.59,829.17,1242.76,830,414,0.00,0.00,0,0
1514571312,s2-eth1,1251304.75,27296.70,1278601.38,27324,1252556,829.17,413.59,1242.76,414,830,0.00,0.00,0,0
1514571312,s2-eth2,27362.64,1251304.75,1278667.38,1252556,27390,414.59,829.17,1243.76,830,415,0.00,0.00,0,0
1514571312,s3-eth1,1251304.75,27362.64,1278667.38,27390,1252556,829.17,414.59,1243.76,415,830,0.00,0.00,0,0
1514571312,s3-eth2,27362.64,1251304.75,1278667.38,1252556,27390,414.59,829.17,1243.76,830,415,0.00,0.00,0,0
1514571312,eth0,0.00,0.00,0.00,0,0,0.00,0.00,0.00,0,0,0.00,0.00,0,0
1514571312,lo,0.00,0.00,0.00,0,0,0.00,0.00,0.00,0,0,0.00,0.00,0,0
1514571312,total,3834423.75,3835936.25,7670360.00,3839772,3838258,3729.27,3730.27,7459.54,3734,3733,0.00,0.00,0,0
1514571313,s1-eth1,1250168.00,27456.00,1277624.00,27456,1250168,828.00,416.00,1244.00,416,828,0.00,0.00,0,0
1514571313,s1-eth2,27522.00,1250168.00,1277690.00,1250168,27522,417.00,828.00,1245.00,828,417,0.00,0.00,0,0
1514571313,s2-eth1,1250168.00,27522.00,1277690.00,27522,1250168,828.00,417.00,1245.00,417,828,0.00,0.00,0,0
1514571313,s2-eth2,27456.00,1250168.00,1277624.00,1250168,27456,416.00,828.00,1244.00,828,416,0.00,0.00,0,0
1514571313,s3-eth1,1250168.00,27456.00,1277624.00,27456,1250168,828.00,416.00,1244.00,416,828,0.00,0.00,0,0
1514571313,s3-eth2,27456.00,1250168.00,1277624.00,1250168,27456,416.00,828.00,1244.00,828,416,0.00,0.00,0,0
1514571313,eth0,0.00,0.00,0.00,0,0,0.00,0.00,0.00,0,0,0.00,0.00,0,0
1514571313,lo,516.00,516.00,1032.00,516,516,9.00,9.00,18.00,9,9,0.00,0.00,0,0
1514571313,total,3833454.00,3833454.00,7666908.00,3833454,3833454,3742.00,3742.00,7484.00,3742,3742,0.00,0.00,0,0
1514571314,s1-eth1,1250224.00,27390.00,1277614.00,27390,1250224,828.00,415.00,1243.00,415,828,0.00,0.00,0,0
1514571314,s1-eth2,27324.00,1250224.00,1277548.00,1250224,27324,414.00,828.00,1242.00,828,414,0.00,0.00,0,0
1514571314,s2-eth1,1250224.00,27324.00,1277548.00,27324,1250224,828.00,414.00,1242.00,414,828,0.00,0.00,0,0
1514571314,s2-eth2,27324.00,1250224.00,1277548.00,1250224,27324,414.00,828.00,1242.00,828,414,0.00,0.00,0,0
1514571314,s3-eth1,1250224.00,27324.00,1277548.00,27324,1250224,828.00,414.00,1242.00,414,828,0.00,0.00,0,0
1514571314,s3-eth2,27324.00,1250224.00,1277548.00,1250224,27324,414.00,828.00,1242.00,828,414,0.00,0.00,0,0
1514571314,eth0,0.00,0.00,0.00,0,0,0.00,0.00,0.00,0,0,0.00,0.00,0,0
1514571314,lo,0.00,0.00,0.00,0,0,0.00,0.00,0.00,0,0,0.00,0.00,0,0
1514571314,total,3832644.00,3832710.00,7665354.00,3832710,3832644,3726.00,3727.00,7453.00,3727,3726,0.00,0.00,0,0
1514571315,s1-eth1,1248532.00,27126.00,1275658.00,27126,1248532,826.00,411.00,1237.00,411,826,0.00,0.00,0,0
1514571315,s1-eth2,27192.00,1248532.00,1275724.00,1248532,27192,412.00,826.00,1238.00,826,412,0.00,0.00,0,0
1514571315,s2-eth1,1248532.00,27192.00,1275724.00,27192,1248532,826.00,412.00,1238.00,412,826,0.00,0.00,0,0
1514571315,s2-eth2,27258.00,1251560.00,1278818.00,1251560,27258,413.00,828.00,1241.00,828,413,0.00,0.00,0,0
1514571315,s3-eth1,1251560.00,27258.00,1278818.00,27258,1251560,828.00,413.00,1241.00,413,828,0.00,0.00,0,0
1514571315,s3-eth2,27192.00,1251560.00,1278752.00,1251560,27192,412.00,828.00,1240.00,828,412,0.00,0.00,0,0
1514571315,eth0,0.00,0.00,0.00,0,0,0.00,0.00,0.00,0,0,0.00,0.00,0,0
1514571315,lo,0.00,0.00,0.00,0,0,0.00,0.00,0.00,0,0,0.00,0.00,0,0
1514571315,total,3830266.00,3833228.00,7663494.00,3833228,3830266,3717.00,3718.00,7435.00,3718,3717,0.00,0.00,0,0
1514571316,s1-eth1,1252424.00,27456.00,1279880.00,27456,1252424,828.00,416.00,1244.00,416,828,0.00,0.00,0,0
1514571316,s1-eth2,27390.00,1252424.00,1279814.00,1252424,27390,415.00,828.00,1243.00,828,415,0.00,0.00,0,0
1514571316,s2-eth1,1252424.00,27390.00,1279814.00,27390,1252424,828.00,415.00,1243.00,415,828,0.00,0.00,0,0
1514571316,s2-eth2,27324.00,1249396.00,1276720.00,1249396,27324,414.00,826.00,1240.00,826,414,0.00,0.00,0,0
1514571316,s3-eth1,1249396.00,27324.00,1276720.00,27324,1249396,826.00,414.00,1240.00,414,826,0.00,0.00,0,0
1514571316,s3-eth2,27390.00,1249396.00,1276786.00,1249396,27390,415.00,826.00,1241.00,826,415,0.00,0.00,0,0
1514571316,eth0,0.00,0.00,0.00,0,0,0.00,0.00,0.00,0,0,0.00,0.00,0,0
1514571316,lo,0.00,0.00,0.00,0,0,0.00,0.00,0.00,0,0,0.00,0.00,0,0
1514571316,total,3836348.00,3833386.00,7669734.00,3833386,3836348,3726.00,3725.00,7451.00,3725,3726,0.00,0.00,0,0
1514571317,s1-eth1,1251728.00,27324.00,1279052.00,27324,1251728,828.00,414.00,1242.00,414,828,0.00,0.00,0,0
1514571317,s1-eth2,27324.00,1250214.00,1277538.00,1250214,27324,414.00,827.00,1241.00,827,414,0.00,0.00,0,0
1514571317,s2-eth1,1250214.00,27324.00,1277538.00,27324,1250214,827.00,414.00,1241.00,414,827,0.00,0.00,0,0
1514571317,s2-eth2,27390.00,1250214.00,1277604.00,1250214,27390,415.00,827.00,1242.00,827,415,0.00,0.00,0,0
1514571317,s3-eth1,1250214.00,27390.00,1277604.00,27390,1250214,827.00,415.00,1242.00,415,827,0.00,0.00,0,0
1514571317,s3-eth2,27324.00,1250214.00,1277538.00,1250214,27324,414.00,827.00,1241.00,827,414,0.00,0.00,0,0
1514571317,eth0,60.00,60.00,120.00,60,60,1.00,1.00,2.00,1,1,0.00,0.00,0,0
1514571317,lo,0.00,0.00,0.00,0,0,0.00,0.00,0.00,0,0,0.00,0.00,0,0
1514571317,total,3834254.00,3832740.00,7666994.00,3832740,3834254,3726.00,3725.00,7451.00,3725,3726,0.00,0.00,0,0
1514571318,s1-eth1,1248756.00,27258.00,1276014.00,27258,1248756,826.00,413.00,1239.00,413,826,0.00,0.00,0,0
1514571318,s1-eth2,27192.00,1251784.00,1278976.00,1251784,27192,412.00,828.00,1240.00,828,412,0.00,0.00,0,0
1514571318,s2-eth1,1251784.00,27192.00,1278976.00,27192,1251784,828.00,412.00,1240.00,412,828,0.00,0.00,0,0
1514571318,s2-eth2,27192.00,1251784.00,1278976.00,1251784,27192,412.00,828.00,1240.00,828,412,0.00,0.00,0,0
1514571318,s3-eth1,1251784.00,27192.00,1278976.00,27192,1251784,828.00,412.00,1240.00,412,828,0.00,0.00,0,0
1514571318,s3-eth2,27192.00,1251784.00,1278976.00,1251784,27192,412.00,828.00,1240.00,828,412,0.00,0.00,0,0
1514571318,eth0,0.00,0.00,0.00,0,0,0.00,0.00,0.00,0,0,0.00,0.00,0,0
1514571318,lo,516.00,516.00,1032.00,516,516,9.00,9.00,18.00,9,9,0.00,0.00,0,0
1514571318,total,3834416.00,3837510.00,7671926.00,3837510,3834416,3727.00,3730.00,7457.00,3730,3727,0.00,0.00,0,0
1514571319,s1-eth1,1251804.00,27390.00,1279194.00,27390,1251804,830.00,415.00,1245.00,415,830,0.00,0.00,0,0
1514571319,s1-eth2,27456.00,1250290.00,1277746.00,1250290,27456,416.00,829.00,1245.00,829,416,0.00,0.00,0,0
1514571319,s2-eth1,1250290.00,27456.00,1277746.00,27456,1250290,829.00,416.00,1245.00,416,829,0.00,0.00,0,0
1514571319,s2-eth2,27456.00,1250290.00,1277746.00,1250290,27456,416.00,829.00,1245.00,829,416,0.00,0.00,0,0
1514571319,s3-eth1,1250290.00,27456.00,1277746.00,27456,1250290,829.00,416.00,1245.00,416,829,0.00,0.00,0,0
1514571319,s3-eth2,27456.00,1250290.00,1277746.00,1250290,27456,416.00,829.00,1245.00,829,416,0.00,0.00,0,0
1514571319,eth0,0.00,60.00,60.00,60,0,0.00,1.00,1.00,1,0,0.00,0.00,0,0
1514571319,lo,0.00,0.00,0.00,0,0,0.00,0.00,0.00,0,0,0.00,0.00,0,0
1514571319,total,3834752.00,3833232.00,7667984.00,3833232,3834752,3736.00,3735.00,7471.00,3735,3736,0.00,0.00,0,0
1514571320,s1-eth1,1250784.00,27366.00,1278150.00,27366,1250784,828.00,415.00,1243.00,415,828,0.00,0.00,0,0
1514571320,s1-eth2,27366.00,1250784.00,1278150.00,1250784,27366,415.00,828.00,1243.00,828,415,0.00,0.00,0,0
1514571320,s2-eth1,1250784.00,27366.00,1278150.00,27366,1250784,828.00,415.00,1243.00,415,828,0.00,0.00,0,0
1514571320,s2-eth2,27366.00,1250784.00,1278150.00,1250784,27366,415.00,828.00,1243.00,828,415,0.00,0.00,0,0
1514571320,s3-eth1,1250784.00,27366.00,1278150.00,27366,1250784,828.00,415.00,1243.00,415,828,0.00,0.00,0,0
1514571320,s3-eth2,27366.00,1250784.00,1278150.00,1250784,27366,415.00,828.00,1243.00,828,415,0.00,0.00,0,0
1514571320,eth0,0.00,0.00,0.00,0,0,0.00,0.00,0.00,0,0,0.00,0.00,0,0
1514571320,lo,888.00,888.00,1776.00,888,888,9.00,9.00,18.00,9,9,0.00,0.00,0,0
1514571320,total,3835338.00,3835338.00,7670676.00,3835338,3835338,3738.00,3738.00,7476.00,3738,3738,0.00,0.00,0,0
1514571321,s1-eth1,1249396.00,27258.00,1276654.00,27258,1249396,826.00,413.00,1239.00,413,826,0.00,0.00,0,0
1514571321,s1-eth2,27258.00,1250910.00,1278168.00,1250910,27258,413.00,827.00,1240.00,827,413,0.00,0.00,0,0
1514571321,s2-eth1,1250910.00,27258.00,1278168.00,27258,1250910,827.00,413.00,1240.00,413,827,0.00,0.00,0,0
1514571321,s2-eth2,27258.00,1249396.00,1276654.00,1249396,27258,413.00,826.00,1239.00,826,413,0.00,0.00,0,0
1514571321,s3-eth1,1249396.00,27258.00,1276654.00,27258,1249396,826.00,413.00,1239.00,413,826,0.00,0.00,0,0
1514571321,s3-eth2,27324.00,1250910.00,1278234.00,1250910,27324,414.00,827.00,1241.00,827,414,0.00,0.00,0,0
1514571321,eth0,0.00,0.00,0.00,0,0,0.00,0.00,0.00,0,0,0.00,0.00,0,0
1514571321,lo,0.00,0.00,0.00,0,0,0.00,0.00,0.00,0,0,0.00,0.00,0,0
1514571321,total,3831542.00,3832990.00,7664532.00,3832990,3831542,3719.00,3719.00,7438.00,3719,3719,0.00,0.00,0,0
1514571322,s1-eth1,1251728.00,27324.00,1279052.00,27324,1251728,828.00,414.00,1242.00,414,828,0.00,0.00,0,0
1514571322,s1-eth2,27390.00,1250214.00,1277604.00,1250214,27390,415.00,827.00,1242.00,827,415,0.00,0.00,0,0
1514571322,s2-eth1,1250214.00,27390.00,1277604.00,27390,1250214,827.00,415.00,1242.00,415,827,0.00,0.00,0,0
1514571322,s2-eth2,27324.00,1251728.00,1279052.00,1251728,27324,414.00,828.00,1242.00,828,414,0.00,0.00,0,0
1514571322,s3-eth1,1251728.00,27324.00,1279052.00,27324,1251728,828.00,414.00,1242.00,414,828,0.00,0.00,0,0
1514571322,s3-eth2,27324.00,1250214.00,1277538.00,1250214,27324,414.00,827.00,1241.00,827,414,0.00,0.00,0,0
1514571322,eth0,0.00,0.00,0.00,0,0,0.00,0.00,0.00,0,0,0.00,0.00,0,0
1514571322,lo,0.00,0.00,0.00,0,0,0.00,0.00,0.00,0,0,0.00,0.00,0,0
1514571322,total,3835708.00,3834194.00,7669902.00,3834194,3835708,3726.00,3725.00,7451.00,3725,3726,0.00,0.00,0,0
1514571323,s1-eth1,1249396.00,27390.00,1276786.00,27390,1249396,826.00,415.00,1241.00,415,826,0.00,0.00,0,0
1514571323,s1-eth2,27324.00,1249396.00,1276720.00,1249396,27324,414.00,826.00,1240.00,826,414,0.00,0.00,0,0
1514571323,s2-eth1,1249396.00,27324.00,1276720.00,27324,1249396,826.00,414.00,1240.00,414,826,0.00,0.00,0,0
1514571323,s2-eth2,27390.00,1249396.00,1276786.00,1249396,27390,415.00,826.00,1241.00,826,415,0.00,0.00,0,0
1514571323,s3-eth1,1249396.00,27390.00,1276786.00,27390,1249396,826.00,415.00,1241.00,415,826,0.00,0.00,0,0
1514571323,s3-eth2,27324.00,1249396.00,1276720.00,1249396,27324,414.00,826.00,1240.00,826,414,0.00,0.00,0,0
1514571323,eth0,0.00,0.00,0.00,0,0,0.00,0.00,0.00,0,0,0.00,0.00,0,0
1514571323,lo,0.00,0.00,0.00,0,0,0.00,0.00,0.00,0,0,0.00,0.00,0,0
1514571323,total,3830226.00,3830292.00,7660518.00,3830292,3830226,3721.00,3722.00,7443.00,3722,3721,0.00,0.00,0,0
1514571324,s1-eth1,1251494.00,27258.00,1278752.00,27258,1251494,827.00,413.00,1240.00,413,827,0.00,0.00,0,0
1514571324,s1-eth2,27324.00,1251494.00,1278818.00,1251494,27324,414.00,827.00,1241.00,827,414,0.00,0.00,0,0
1514571324,s2-eth1,1251494.00,27324.00,1278818.00,27324,1251494,827.00,414.00,1241.00,414,827,0.00,0.00,0,0
1514571324,s2-eth2,27324.00,1251494.00,1278818.00,1251494,27324,414.00,827.00,1241.00,827,414,0.00,0.00,0,0
1514571324,s3-eth1,1251494.00,27324.00,1278818.00,27324,1251494,827.00,414.00,1241.00,414,827,0.00,0.00,0,0
1514571324,s3-eth2,27324.00,1251494.00,1278818.00,1251494,27324,414.00,827.00,1241.00,827,414,0.00,0.00,0,0
1514571324,eth0,0.00,0.00,0.00,0,0,0.00,0.00,0.00,0,0,0.00,0.00,0,0
1514571324,lo,516.00,516.00,1032.00,516,516,9.00,9.00,18.00,9,9,0.00,0.00,0,0
1514571324,total,3836970.00,3836904.00,7673874.00,3836904,3836970,3732.00,3731.00,7463.00,3731,3732,0.00,0.00,0,0
1514571325,s1-eth1,1250214.00,27390.00,1277604.00,27390,1250214,827.00,415.00,1242.00,415,827,0.00,0.00,0,0
1514571325,s1-eth2,27324.00,1250214.00,1277538.00,1250214,27324,414.00,827.00,1241.00,827,414,0.00,0.00,0,0
1514571325,s2-eth1,1250214.00,27324.00,1277538.00,27324,1250214,827.00,414.00,1241.00,414,827,0.00,0.00,0,0
1514571325,s2-eth2,27324.00,1250214.00,1277538.00,1250214,27324,414.00,827.00,1241.00,827,414,0.00,0.00,0,0
1514571325,s3-eth1,1250214.00,27324.00,1277538.00,27324,1250214,827.00,414.00,1241.00,414,827,0.00,0.00,0,0
1514571325,s3-eth2,27324.00,1250214.00,1277538.00,1250214,27324,414.00,827.00,1241.00,827,414,0.00,0.00,0,0
1514571325,eth0,0.00,0.00,0.00,0,0,0.00,0.00,0.00,0,0,0.00,0.00,0,0
1514571325,lo,0.00,0.00,0.00,0,0,0.00,0.00,0.00,0,0,0.00,0.00,0,0
1514571325,total,3832614.00,3832680.00,7665294.00,3832680,3832614,3723.00,3724.00,7447.00,3724,3723,0.00,0.00,0,0
1514571326,s1-eth1,1250910.00,27258.00,1278168.00,27258,1250910,827.00,413.00,1240.00,413,827,0.00,0.00,0,0
1514571326,s1-eth2,27258.00,1250910.00,1278168.00,1250910,27258,413.00,827.00,1240.00,827,413,0.00,0.00,0,0
1514571326,s2-eth1,1250910.00,27258.00,1278168.00,27258,1250910,827.00,413.00,1240.00,413,827,0.00,0.00,0,0
1514571326,s2-eth2,27258.00,1250910.00,1278168.00,1250910,27258,413.00,827.00,1240.00,827,413,0.00,0.00,0,0
1514571326,s3-eth1,1250910.00,27258.00,1278168.00,27258,1250910,827.00,413.00,1240.00,413,827,0.00,0.00,0,0
1514571326,s3-eth2,27324.00,1250910.00,1278234.00,1250910,27324,414.00,827.00,1241.00,827,414,0.00,0.00,0,0
1514571326,eth0,0.00,0.00,0.00,0,0,0.00,0.00,0.00,0,0,0.00,0.00,0,0
1514571326,lo,0.00,0.00,0.00,0,0,0.00,0.00,0.00,0,0,0.00,0.00,0,0
1514571326,total,3834570.00,3834504.00,7669074.00,3834504,3834570,3721.00,3720.00,7441.00,3720,3721,0.00,0.00,0,0
1514571327,s1-eth1,1250280.00,27390.00,1277670.00,27390,1250280,828.00,415.00,1243.00,415,828,0.00,0.00,0,0
1514571327,s1-eth2,27456.00,1250280.00,1277736.00,1250280,27456,416.00,828.00,1244.00,828,416,0.00,0.00,0,0
1514571327,s2-eth1,1250280.00,27456.00,1277736.00,27456,1250280,828.00,416.00,1244.00,416,828,0.00,0.00,0,0
1514571327,s2-eth2,27390.00,1250280.00,1277670.00,1250280,27390,415.00,828.00,1243.00,828,415,0.00,0.00,0,0
1514571327,s3-eth1,1250280.00,27390.00,1277670.00,27390,1250280,828.00,415.00,1243.00,415,828,0.00,0.00,0,0
1514571327,s3-eth2,27390.00,1250280.00,1277670.00,1250280,27390,415.00,828.00,1243.00,828,415,0.00,0.00,0,0
1514571327,eth0,0.00,0.00,0.00,0,0,0.00,0.00,0.00,0,0,0.00,0.00,0,0
1514571327,lo,0.00,0.00,0.00,0,0,0.00,0.00,0.00,0,0,0.00,0.00,0,0
1514571327,total,3833076.00,3833076.00,7666152.00,3833076,3833076,3730.00,3730.00,7460.00,3730,3730,0.00,0.00,0,0
1514571328,s1-eth1,1250910.00,27324.00,1278234.00,27324,1250910,827.00,414.00,1241.00,414,827,0.00,0.00,0,0
1514571328,s1-eth2,27324.00,1250910.00,1278234.00,1250910,27324,414.00,827.00,1241.00,827,414,0.00,0.00,0,0
1514571328,s2-eth1,1250910.00,27324.00,1278234.00,27324,1250910,827.00,414.00,1241.00,414,827,0.00,0.00,0,0
1514571328,s2-eth2,27324.00,1250910.00,1278234.00,1250910,27324,414.00,827.00,1241.00,827,414,0.00,0.00,0,0
1514571328,s3-eth1,1250910.00,27324.00,1278234.00,27324,1250910,827.00,414.00,1241.00,414,827,0.00,0.00,0,0
1514571328,s3-eth2,27324.00,1250910.00,1278234.00,1250910,27324,414.00,827.00,1241.00,827,414,0.00,0.00,0,0
1514571328,eth0,0.00,0.00,0.00,0,0,0.00,0.00,0.00,0,0,0.00,0.00,0,0
1514571328,lo,0.00,0.00,0.00,0,0,0.00,0.00,0.00,0,0,0.00,0.00,0,0
1514571328,total,3834702.00,3834702.00,7669404.00,3834702,3834702,3723.00,3723.00,7446.00,3723,3723,0.00,0.00,0,0
1514571329,s1-eth1,1250168.00,27390.00,1277558.00,27390,1250168,828.00,415.00,1243.00,415,828,0.00,0.00,0,0
1514571329,s1-eth2,27324.00,1250168.00,1277492.00,1250168,27324,414.00,828.00,1242.00,828,414,0.00,0.00,0,0
1514571329,s2-eth1,1250168.00,27324.00,1277492.00,27324,1250168,828.00,414.00,1242.00,414,828,0.00,0.00,0,0
1514571329,s2-eth2,27390.00,1250168.00,1277558.00,1250168,27390,415.00,828.00,1243.00,828,415,0.00,0.00,0,0
1514571329,s3-eth1,1250168.00,27390.00,1277558.00,27390,1250168,828.00,415.00,1243.00,415,828,0.00,0.00,0,0
1514571329,s3-eth2,27324.00,1250168.00,1277492.00,1250168,27324,414.00,828.00,1242.00,828,414,0.00,0.00,0,0
1514571329,eth0,0.00,0.00,0.00,0,0,0.00,0.00,0.00,0,0,0.00,0.00,0,0
1514571329,lo,516.00,516.00,1032.00,516,516,9.00,9.00,18.00,9,9,0.00,0.00,0,0
1514571329,total,3833058.00,3833124.00,7666182.00,3833124,3833058,3736.00,3737.00,7473.00,3737,3736,0.00,0.00,0,0
1514571330,s1-eth1,1251606.00,27258.00,1278864.00,27258,1251606,827.00,413.00,1240.00,413,827,0.00,0.00,0,0
1514571330,s1-eth2,27324.00,1251606.00,1278930.00,1251606,27324,414.00,827.00,1241.00,827,414,0.00,0.00,0,0
1514571330,s2-eth1,1251606.00,27324.00,1278930.00,27324,1251606,827.00,414.00,1241.00,414,827,0.00,0.00,0,0
1514571330,s2-eth2,27258.00,1251606.00,1278864.00,1251606,27258,413.00,827.00,1240.00,827,413,0.00,0.00,0,0
1514571330,s3-eth1,1251606.00,27258.00,1278864.00,27258,1251606,827.00,413.00,1240.00,413,827,0.00,0.00,0,0
1514571330,s3-eth2,27324.00,1251606.00,1278930.00,1251606,27324,414.00,827.00,1241.00,827,414,0.00,0.00,0,0
1514571330,eth0,0.00,0.00,0.00,0,0,0.00,0.00,0.00,0,0,0.00,0.00,0,0
1514571330,lo,0.00,0.00,0.00,0,0,0.00,0.00,0.00,0,0,0.00,0.00,0,0
1514571330,total,3836724.00,3836658.00,7673382.00,3836658,3836724,3722.00,3721.00,7443.00,3721,3722,0.00,0.00,0,0
1514571331,s1-eth1,1249396.00,27324.00,1276720.00,27324,1249396,826.00,414.00,1240.00,414,826,0.00,0.00,0,0
1514571331,s1-eth2,27324.00,1249396.00,1276720.00,1249396,27324,414.00,826.00,1240.00,826,414,0.00,0.00,0,0
1514571331,s2-eth1,1249396.00,27324.00,1276720.00,27324,1249396,826.00,414.00,1240.00,414,826,0.00,0.00,0,0
1514571331,s2-eth2,27390.00,1249396.00,1276786.00,1249396,27390,415.00,826.00,1241.00,826,415,0.00,0.00,0,0
1514571331,s3-eth1,1249396.00,27390.00,1276786.00,27390,1249396,826.00,415.00,1241.00,415,826,0.00,0.00,0,0
1514571331,s3-eth2,27324.00,1249396.00,1276720.00,1249396,27324,414.00,826.00,1240.00,826,414,0.00,0.00,0,0
1514571331,eth0,0.00,0.00,0.00,0,0,0.00,0.00,0.00,0,0,0.00,0.00,0,0
1514571331,lo,0.00,0.00,0.00,0,0,0.00,0.00,0.00,0,0,0.00,0.00,0,0
1514571331,total,3830226.00,3830226.00,7660452.00,3830226,3830226,3721.00,3721.00,7442.00,3721,3721,0.00,0.00,0,0
1514571332,s1-eth1,1250798.00,27324.00,1278122.00,27324,1250798,827.00,414.00,1241.00,414,827,0.00,0.00,0,0
1514571332,s1-eth2,27258.00,1250798.00,1278056.00,1250798,27258,413.00,827.00,1240.00,827,413,0.00,0.00,0,0
1514571332,s2-eth1,1250798.00,27258.00,1278056.00,27258,1250798,827.00,413.00,1240.00,413,827,0.00,0.00,0,0
1514571332,s2-eth2,27258.00,1250798.00,1278056.00,1250798,27258,413.00,827.00,1240.00,827,413,0.00,0.00,0,0
1514571332,s3-eth1,1250798.00,27258.00,1278056.00,27258,1250798,827.00,413.00,1240.00,413,827,0.00,0.00,0,0
1514571332,s3-eth2,27324.00,1250798.00,1278122.00,1250798,27324,414.00,827.00,1241.00,827,414,0.00,0.00,0,0
1514571332,eth0,60.00,60.00,120.00,60,60,1.00,1.00,2.00,1,1,0.00,0.00,0,0
1514571332,lo,0.00,0.00,0.00,0,0,0.00,0.00,0.00,0,0,0.00,0.00,0,0
1514571332,total,3834294.00,3834294.00,7668588.00,3834294,3834294,3722.00,3722.00,7444.00,3722,3722,0.00,0.00,0,0
1514571333,s1-eth1,1250270.00,27390.00,1277660.00,27390,1250270,827.00,415.00,1242.00,415,827,0.00,0.00,0,0
1514571333,s1-eth2,27390.00,1250270.00,1277660.00,1250270,27390,415.00,827.00,1242.00,827,415,0.00,0.00,0,0
1514571333,s2-eth1,1250270.00,27390.00,1277660.00,27390,1250270,827.00,415.00,1242.00,415,827,0.00,0.00,0,0
1514571333,s2-eth2,27390.00,1250270.00,1277660.00,1250270,27390,415.00,827.00,1242.00,827,415,0.00,0.00,0,0
1514571333,s3-eth1,1250270.00,27390.00,1277660.00,27390,1250270,827.00,415.00,1242.00,415,827,0.00,0.00,0,0
1514571333,s3-eth2,27324.00,1250270.00,1277594.00,1250270,27324,414.00,827.00,1241.00,827,414,0.00,0.00,0,0
1514571333,eth0,0.00,60.00,60.00,60,0,0.00,1.00,1.00,1,0,0.00,0.00,0,0
1514571333,lo,0.00,0.00,0.00,0,0,0.00,0.00,0.00,0,0,0.00,0.00,0,0
1514571333,total,3832914.00,3833040.00,7665954.00,3833040,3832914,3725.00,3727.00,7452.00,3727,3725,0.00,0.00,0,0
1514571334,s1-eth1,1250290.00,27390.00,1277680.00,27390,1250290,829.00,415.00,1244.00,415,829,0.00,0.00,0,0
1514571334,s1-eth2,27324.00,1251804.00,1279128.00,1251804,27324,414.00,830.00,1244.00,830,414,0.00,0.00,0,0
1514571334,s2-eth1,1251804.00,27324.00,1279128.00,27324,1251804,830.00,414.00,1244.00,414,830,0.00,0.00,0,0
1514571334,s2-eth2,27324.00,1251804.00,1279128.00,1251804,27324,414.00,830.00,1244.00,830,414,0.00,0.00,0,0
1514571334,s3-eth1,1251804.00,27324.00,1279128.00,27324,1251804,830.00,414.00,1244.00,414,830,0.00,0.00,0,0
1514571334,s3-eth2,27324.00,1251804.00,1279128.00,1251804,27324,414.00,830.00,1244.00,830,414,0.00,0.00,0,0
1514571334,eth0,0.00,0.00,0.00,0,0,0.00,0.00,0.00,0,0,0.00,0.00,0,0
1514571334,lo,516.00,516.00,1032.00,516,516,9.00,9.00,18.00,9,9,0.00,0.00,0,0
1514571334,total,3836386.00,3837966.00,7674352.00,3837966,3836386,3740.00,3742.00,7482.00,3742,3740,0.00,0.00,0,0
1514571335,s1-eth1,1251616.00,27324.00,1278940.00,27324,1251616,828.00,414.00,1242.00,414,828,0.00,0.00,0,0
1514571335,s1-eth2,27456.00,1250102.00,1277558.00,1250102,27456,416.00,827.00,1243.00,827,416,0.00,0.00,0,0
1514571335,s2-eth1,1250102.00,27456.00,1277558.00,27456,1250102,827.00,416.00,1243.00,416,827,0.00,0.00,0,0
1514571335,s2-eth2,27456.00,1250102.00,1277558.00,1250102,27456,416.00,827.00,1243.00,827,416,0.00,0.00,0,0
1514571335,s3-eth1,1250102.00,27456.00,1277558.00,27456,1250102,827.00,416.00,1243.00,416,827,0.00,0.00,0,0
1514571335,s3-eth2,27456.00,1250102.00,1277558.00,1250102,27456,416.00,827.00,1243.00,827,416,0.00,0.00,0,0
1514571335,eth0,0.00,0.00,0.00,0,0,0.00,0.00,0.00,0,0,0.00,0.00,0,0
1514571335,lo,0.00,0.00,0.00,0,0,0.00,0.00,0.00,0,0,0.00,0.00,0,0
1514571335,total,3834188.00,3832542.00,7666730.00,3832542,3834188,3730.00,3727.00,7457.00,3727,3730,0.00,0.00,0,0
1514571336,s1-eth1,1249452.00,27324.00,1276776.00,27324,1249452,826.00,414.00,1240.00,414,826,0.00,0.00,0,0
1514571336,s1-eth2,27258.00,1250966.00,1278224.00,1250966,27258,413.00,827.00,1240.00,827,413,0.00,0.00,0,0
1514571336,s2-eth1,1250966.00,27258.00,1278224.00,27258,1250966,827.00,413.00,1240.00,413,827,0.00,0.00,0,0
1514571336,s2-eth2,27258.00,1249452.00,1276710.00,1249452,27258,413.00,826.00,1239.00,826,413,0.00,0.00,0,0
1514571336,s3-eth1,1249452.00,27258.00,1276710.00,27258,1249452,826.00,413.00,1239.00,413,826,0.00,0.00,0,0
1514571336,s3-eth2,27324.00,1250966.00,1278290.00,1250966,27324,414.00,827.00,1241.00,827,414,0.00,0.00,0,0
1514571336,eth0,0.00,0.00,0.00,0,0,0.00,0.00,0.00,0,0,0.00,0.00,0,0
1514571336,lo,0.00,0.00,0.00,0,0,0.00,0.00,0.00,0,0,0.00,0.00,0,0
1514571336,total,3831710.00,3833224.00,7664934.00,3833224,3831710,3719.00,3720.00,7439.00,3720,3719,0.00,0.00,0,0
1514571337,s1-eth1,1252312.00,27324.00,1279636.00,27324,1252312,828.00,414.00,1242.00,414,828,0.00,0.00,0,0
1514571337,s1-eth2,27324.00,1250798.00,1278122.00,1250798,27324,414.00,827.00,1241.00,827,414,0.00,0.00,0,0
1514571337,s2-eth1,1250798.00,27324.00,1278122.00,27324,1250798,827.00,414.00,1241.00,414,827,0.00,0.00,0,0
1514571337,s2-eth2,27324.00,1252312.00,1279636.00,1252312,27324,414.00,828.00,1242.00,828,414,0.00,0.00,0,0
1514571337,s3-eth1,1252312.00,27324.00,1279636.00,27324,1252312,828.00,414.00,1242.00,414,828,0.00,0.00,0,0
1514571337,s3-eth2,27258.00,1250798.00,1278056.00,1250798,27258,413.00,827.00,1240.00,827,413,0.00,0.00,0,0
1514571337,eth0,90.00,180.00,270.00,180,90,1.00,2.00,3.00,2,1,0.00,0.00,0,0
1514571337,lo,0.00,0.00,0.00,0,0,0.00,0.00,0.00,0,0,0.00,0.00,0,0
1514571337,total,3833584.50,3832228.00,7665812.50,3836060,3837418,3721.28,3722.28,7443.56,3726,3725,0.00,0.00,0,0
1514571338,s1-eth1,1248413.25,27269.46,1275682.62,27324,1250910,825.35,413.17,1238.52,414,827,0.00,0.00,0,0
1514571338,s1-eth2,27335.33,1249924.12,1277259.50,1252424,27390,414.17,826.35,1240.52,828,415,0.00,0.00,0,0
1514571338,s2-eth1,1249924.12,27335.33,1277259.50,27390,1252424,826.35,414.17,1240.52,415,828,0.00,0.00,0,0
1514571338,s2-eth2,27335.33,1248413.25,1275748.50,1250910,27390,414.17,825.35,1239.52,827,415,0.00,0.00,0,0
1514571338,s3-eth1,1248413.25,27335.33,1275748.50,27390,1250910,825.35,414.17,1239.52,415,827,0.00,0.00,0,0
1514571338,s3-eth2,27335.33,1249924.12,1277259.50,1252424,27390,414.17,826.35,1240.52,828,415,0.00,0.00,0,0
1514571338,eth0,89.82,179.64,269.46,180,90,1.00,2.00,2.99,2,1,0.00,0.00,0,0
1514571338,lo,0.00,0.00,0.00,0,0,0.00,0.00,0.00,0,0,0.00,0.00,0,0
1514571338,total,3832671.50,3834208.00,7666879.50,3838042,3836504,3724.28,3725.27,7449.55,3729,3728,0.00,0.00,0,0
1514571339,s1-eth1,1252556.00,27390.00,1279946.00,27390,1252556,830.00,415.00,1245.00,415,830,0.00,0.00,0,0
1514571339,s1-eth2,27390.00,1251042.00,1278432.00,1251042,27390,415.00,829.00,1244.00,829,415,0.00,0.00,0,0
1514571339,s2-eth1,1251042.00,27390.00,1278432.00,27390,1251042,829.00,415.00,1244.00,415,829,0.00,0.00,0,0
1514571339,s2-eth2,27324.00,1252556.00,1279880.00,1252556,27324,414.00,830.00,1244.00,830,414,0.00,0.00,0,0
1514571339,s3-eth1,1252556.00,27324.00,1279880.00,27324,1252556,830.00,414.00,1244.00,414,830,0.00,0.00,0,0
1514571339,s3-eth2,27324.00,1251042.00,1278366.00,1251042,27324,414.00,829.00,1243.00,829,414,0.00,0.00,0,0
1514571339,eth0,90.00,180.00,270.00,180,90,1.00,2.00,3.00,2,1,0.00,0.00,0,0
1514571339,lo,516.00,516.00,1032.00,516,516,9.00,9.00,18.00,9,9,0.00,0.00,0,0
1514571339,total,3838798.00,3837440.00,7676238.00,3837440,3838798,3742.00,3743.00,7485.00,3743,3742,0.00,0.00,0,0
1514571340,s1-eth1,1250168.00,27324.00,1277492.00,27324,1250168,828.00,414.00,1242.00,414,828,0.00,0.00,0,0
1514571340,s1-eth2,27324.00,1250168.00,1277492.00,1250168,27324,414.00,828.00,1242.00,828,414,0.00,0.00,0,0
1514571340,s2-eth1,1250168.00,27324.00,1277492.00,27324,1250168,828.00,414.00,1242.00,414,828,0.00,0.00,0,0
1514571340,s2-eth2,27324.00,1250168.00,1277492.00,1250168,27324,414.00,828.00,1242.00,828,414,0.00,0.00,0,0
1514571340,s3-eth1,1250168.00,27324.00,1277492.00,27324,1250168,828.00,414.00,1242.00,414,828,0.00,0.00,0,0
1514571340,s3-eth2,27390.00,1250168.00,1277558.00,1250168,27390,415.00,828.00,1243.00,828,415,0.00,0.00,0,0
1514571340,eth0,180.00,360.00,540.00,360,180,2.00,4.00,6.00,4,2,0.00,0.00,0,0
1514571340,lo,0.00,0.00,0.00,0,0,0.00,0.00,0.00,0,0,0.00,0.00,0,0
1514571340,total,3832722.00,3832836.00,7665558.00,3832836,3832722,3729.00,3730.00,7459.00,3730,3729,0.00,0.00,0,0
1514571341,s1-eth1,1250224.00,27390.00,1277614.00,27390,1250224,828.00,415.00,1243.00,415,828,0.00,0.00,0,0
1514571341,s1-eth2,27390.00,1250224.00,1277614.00,1250224,27390,415.00,828.00,1243.00,828,415,0.00,0.00,0,0
1514571341,s2-eth1,1250224.00,27390.00,1277614.00,27390,1250224,828.00,415.00,1243.00,415,828,0.00,0.00,0,0
1514571341,s2-eth2,27390.00,1250224.00,1277614.00,1250224,27390,415.00,828.00,1243.00,828,415,0.00,0.00,0,0
1514571341,s3-eth1,1250224.00,27390.00,1277614.00,27390,1250224,828.00,415.00,1243.00,415,828,0.00,0.00,0,0
1514571341,s3-eth2,27390.00,1250224.00,1277614.00,1250224,27390,415.00,828.00,1243.00,828,415,0.00,0.00,0,0
1514571341,eth0,0.00,0.00,0.00,0,0,0.00,0.00,0.00,0,0,0.00,0.00,0,0
1514571341,lo,0.00,0.00,0.00,0,0,0.00,0.00,0.00,0,0,0.00,0.00,0,0
1514571341,total,3832842.00,3832842.00,7665684.00,3832842,3832842,3729.00,3729.00,7458.00,3729,3729,0.00,0.00,0,0
1514571342,s1-eth1,1250952.00,27300.00,1278252.00,27300,1250952,828.00,414.00,1242.00,414,828,0.00,0.00,0,0
1514571342,s1-eth2,27300.00,1250952.00,1278252.00,1250952,27300,414.00,828.00,1242.00,828,414,0.00,0.00,0,0
1514571342,s2-eth1,1250952.00,27300.00,1278252.00,27300,1250952,828.00,414.00,1242.00,414,828,0.00,0.00,0,0
1514571342,s2-eth2,27300.00,1250952.00,1278252.00,1250952,27300,414.00,828.00,1242.00,828,414,0.00,0.00,0,0
1514571342,s3-eth1,1250952.00,27300.00,1278252.00,27300,1250952,828.00,414.00,1242.00,414,828,0.00,0.00,0,0
1514571342,s3-eth2,27300.00,1250952.00,1278252.00,1250952,27300,414.00,828.00,1242.00,828,414,0.00,0.00,0,0
1514571342,eth0,120.00,120.00,240.00,120,120,2.00,2.00,4.00,2,2,0.00,0.00,0,0
1514571342,lo,0.00,0.00,0.00,0,0,0.00,0.00,0.00,0,0,0.00,0.00,0,0
1514571342,total,3834876.00,3834876.00,7669752.00,3834876,3834876,3728.00,3728.00,7456.00,3728,3728,0.00,0.00,0,0
1514571343,s1-eth1,1250280.00,27390.00,1277670.00,27390,1250280,828.00,415.00,1243.00,415,828,0.00,0.00,0,0
1514571343,s1-eth2,27390.00,1250280.00,1277670.00,1250280,27390,415.00,828.00,1243.00,828,415,0.00,0.00,0,0
1514571343,s2-eth1,1250280.00,27390.00,1277670.00,27390,1250280,828.00,415.00,1243.00,415,828,0.00,0.00,0,0
1514571343,s2-eth2,27390.00,1250280.00,1277670.00,1250280,27390,415.00,828.00,1243.00,828,415,0.00,0.00,0,0
1514571343,s3-eth1,1250280.00,27390.00,1277670.00,27390,1250280,828.00,415.00,1243.00,415,828,0.00,0.00,0,0
1514571343,s3-eth2,27390.00,1250280.00,1277670.00,1250280,27390,415.00,828.00,1243.00,828,415,0.00,0.00,0,0
1514571343,eth0,0.00,0.00,0.00,0,0,0.00,0.00,0.00,0,0,0.00,0.00,0,0
1514571343,lo,0.00,0.00,0.00,0,0,0.00,0.00,0.00,0,0,0.00,0.00,0,0
1514571343,total,3833010.00,3833010.00,7666020.00,3833010,3833010,3729.00,3729.00,7458.00,3729,3729,0.00,0.00,0,0
1514571344,s1-eth1,1250910.00,27324.00,1278234.00,27324,1250910,827.00,414.00,1241.00,414,827,0.00,0.00,0,0
1514571344,s1-eth2,27258.00,1250910.00,1278168.00,1250910,27258,413.00,827.00,1240.00,827,413,0.00,0.00,0,0
1514571344,s2-eth1,1250910.00,27258.00,1278168.00,27258,1250910,827.00,413.00,1240.00,413,827,0.00,0.00,0,0
1514571344,s2-eth2,27324.00,1250910.00,1278234.00,1250910,27324,414.00,827.00,1241.00,827,414,0.00,0.00,0,0
1514571344,s3-eth1,1250910.00,27324.00,1278234.00,27324,1250910,827.00,414.00,1241.00,414,827,0.00,0.00,0,0
1514571344,s3-eth2,27258.00,1250910.00,1278168.00,1250910,27258,413.00,827.00,1240.00,827,413,0.00,0.00,0,0
1514571344,eth0,0.00,0.00,0.00,0,0,0.00,0.00,0.00,0,0,0.00,0.00,0,0
1514571344,lo,516.00,516.00,1032.00,516,516,9.00,9.00,18.00,9,9,0.00,0.00,0,0
1514571344,total,3835086.00,3835152.00,7670238.00,3835152,3835086,3730.00,3731.00,7461.00,3731,3730,0.00,0.00,0,0
1514571345,s1-eth1,1250168.00,27324.00,1277492.00,27324,1250168,828.00,414.00,1242.00,414,828,0.00,0.00,0,0
1514571345,s1-eth2,27324.00,1250168.00,1277492.00,1250168,27324,414.00,828.00,1242.00,828,414,0.00,0.00,0,0
1514571345,s2-eth1,1250168.00,27324.00,1277492.00,27324,1250168,828.00,414.00,1242.00,414,828,0.00,0.00,0,0
1514571345,s2-eth2,27324.00,1250168.00,1277492.00,1250168,27324,414.00,828.00,1242.00,828,414,0.00,0.00,0,0
1514571345,s3-eth1,1250168.00,27324.00,1277492.00,27324,1250168,828.00,414.00,1242.00,414,828,0.00,0.00,0,0
1514571345,s3-eth2,27390.00,1250168.00,1277558.00,1250168,27390,415.00,828.00,1243.00,828,415,0.00,0.00,0,0
1514571345,eth0,0.00,0.00,0.00,0,0,0.00,0.00,0.00,0,0,0.00,0.00,0,0
1514571345,lo,0.00,0.00,0.00,0,0,0.00,0.00,0.00,0,0,0.00,0.00,0,0
1514571345,total,3832542.00,3832476.00,7665018.00,3832476,3832542,3727.00,3726.00,7453.00,3726,3727,0.00,0.00,0,0
1514571346,s1-eth1,1250224.00,27324.00,1277548.00,27324,1250224,828.00,414.00,1242.00,414,828,0.00,0.00,0,0
1514571346,s1-eth2,27390.00,1250224.00,1277614.00,1250224,27390,415.00,828.00,1243.00,828,415,0.00,0.00,0,0
1514571346,s2-eth1,1250224.00,27390.00,1277614.00,27390,1250224,828.00,415.00,1243.00,415,828,0.00,0.00,0,0
1514571346,s2-eth2,27390.00,1250224.00,1277614.00,1250224,27390,415.00,828.00,1243.00,828,415,0.00,0.00,0,0
1514571346,s3-eth1,1250224.00,27390.00,1277614.00,27390,1250224,828.00,415.00,1243.00,415,828,0.00,0.00,0,0
1514571346,s3-eth2,27324.00,1250224.00,1277548.00,1250224,27324,414.00,828.00,1242.00,828,414,0.00,0.00,0,0
1514571346,eth0,60.00,60.00,120.00,60,60,1.00,1.00,2.00,1,1,0.00,0.00,0,0
1514571346,lo,0.00,0.00,0.00,0,0,0.00,0.00,0.00,0,0,0.00,0.00,0,0
1514571346,total,3832836.00,3832836.00,7665672.00,3832836,3832836,3729.00,3729.00,7458.00,3729,3729,0.00,0.00,0,0
1514571347,s1-eth1,1251560.00,27324.00,1278884.00,27324,1251560,828.00,414.00,1242.00,414,828,0.00,0.00,0,0
1514571347,s1-eth2,27324.00,1251560.00,1278884.00,1251560,27324,414.00,828.00,1242.00,828,414,0.00,0.00,0,0
1514571347,s2-eth1,1251560.00,27324.00,1278884.00,27324,1251560,828.00,414.00,1242.00,414,828,0.00,0.00,0,0
1514571347,s2-eth2,27258.00,1251560.00,1278818.00,1251560,27258,413.00,828.00,1241.00,828,413,0.00,0.00,0,0
1514571347,s3-eth1,1251560.00,27258.00,1278818.00,27258,1251560,828.00,413.00,1241.00,413,828,0.00,0.00,0,0
1514571347,s3-eth2,27324.00,1251560.00,1278884.00,1251560,27324,414.00,828.00,1242.00,828,414,0.00,0.00,0,0
1514571347,eth0,0.00,0.00,0.00,0,0,0.00,0.00,0.00,0,0,0.00,0.00,0,0
1514571347,lo,0.00,0.00,0.00,0,0,0.00,0.00,0.00,0,0,0.00,0.00,0,0
1514571347,total,3836586.00,3836586.00,7673172.00,3836586,3836586,3725.00,3725.00,7450.00,3725,3725,0.00,0.00,0,0
1514571348,s1-eth1,1249077.00,27296.70,1276373.62,27324,1250326,826.17,413.59,1239.76,414,827,0.00,0.00,0,0
1514571348,s1-eth2,27296.70,1249077.00,1276373.62,1250326,27324,413.59,826.17,1239.76,827,414,0.00,0.00,0,0
1514571348,s2-eth1,1249077.00,27296.70,1276373.62,27324,1250326,826.17,413.59,1239.76,414,827,0.00,0.00,0,0
1514571348,s2-eth2,27362.64,1249077.00,1276439.62,1250326,27390,414.59,826.17,1240.76,827,415,0.00,0.00,0,0
1514571348,s3-eth1,1249077.00,27362.64,1276439.62,27390,1250326,826.17,414.59,1240.76,415,827,0.00,0.00,0,0
1514571348,s3-eth2,27296.70,1249077.00,1276373.62,1250326,27324,413.59,826.17,1239.76,827,414,0.00,0.00,0,0
1514571348,eth0,0.00,59.94,59.94,60,0,0.00,1.00,1.00,1,0,0.00,0.00,0,0
1514571348,lo,0.00,0.00,0.00,0,0,0.00,0.00,0.00,0,0,0.00,0.00,0,0
1514571348,total,3829187.00,3829246.75,7658434.00,3833076,3833016,3720.28,3721.28,7441.56,3725,3724,0.00,0.00,0,0
1514571349,s1-eth1,1250864.00,27324.00,1278188.00,27324,1250864,828.00,414.00,1242.00,414,828,0.00,0.00,0,0
1514571349,s1-eth2,27324.00,1250864.00,1278188.00,1250864,27324,414.00,828.00,1242.00,828,414,0.00,0.00,0,0
1514571349,s2-eth1,1250864.00,27324.00,1278188.00,27324,1250864,828.00,414.00,1242.00,414,828,0.00,0.00,0,0
1514571349,s2-eth2,27258.00,1250864.00,1278122.00,1250864,27258,413.00,828.00,1241.00,828,413,0.00,0.00,0,0
1514571349,s3-eth1,1250864.00,27258.00,1278122.00,27258,1250864,828.00,413.00,1241.00,413,828,0.00,0.00,0,0
1514571349,s3-eth2,27324.00,1250864.00,1278188.00,1250864,27324,414.00,828.00,1242.00,828,414,0.00,0.00,0,0
1514571349,eth0,0.00,0.00,0.00,0,0,0.00,0.00,0.00,0,0,0.00,0.00,0,0
1514571349,lo,516.00,516.00,1032.00,516,516,9.00,9.00,18.00,9,9,0.00,0.00,0,0
1514571349,total,3835014.00,3835014.00,7670028.00,3835014,3835014,3734.00,3734.00,7468.00,3734,3734,0.00,0.00,0,0
1514571350,s1-eth1,1250270.00,27324.00,1277594.00,27324,1250270,827.00,414.00,1241.00,414,827,0.00,0.00,0,0
1514571350,s1-eth2,27324.00,1250270.00,1277594.00,1250270,27324,414.00,827.00,1241.00,827,414,0.00,0.00,0,0
1514571350,s2-eth1,1250270.00,27324.00,1277594.00,27324,1250270,827.00,414.00,1241.00,414,827,0.00,0.00,0,0
1514571350,s2-eth2,27390.00,1250270.00,1277660.00,1250270,27390,415.00,827.00,1242.00,827,415,0.00,0.00,0,0
1514571350,s3-eth1,1250270.00,27390.00,1277660.00,27390,1250270,827.00,415.00,1242.00,415,827,0.00,0.00,0,0
1514571350,s3-eth2,27324.00,1250270.00,1277594.00,1250270,27324,414.00,827.00,1241.00,827,414,0.00,0.00,0,0
1514571350,eth0,0.00,0.00,0.00,0,0,0.00,0.00,0.00,0,0,0.00,0.00,0,0
1514571350,lo,0.00,0.00,0.00,0,0,0.00,0.00,0.00,0,0,0.00,0.00,0,0
1514571350,total,3832848.00,3832848.00,7665696.00,3832848,3832848,3724.00,3724.00,7448.00,3724,3724,0.00,0.00,0,0
1514571351,s1-eth1,1251804.00,27456.00,1279260.00,27456,1251804,830.00,416.00,1246.00,416,830,0.00,0.00,0,0
1514571351,s1-eth2,27456.00,1250290.00,1277746.00,1250290,27456,416.00,829.00,1245.00,829,416,0.00,0.00,0,0
1514571351,s2-eth1,1250290.00,27456.00,1277746.00,27456,1250290,829.00,416.00,1245.00,416,829,0.00,0.00,0,0
1514571351,s2-eth2,27390.00,1250290.00,1277680.00,1250290,27390,415.00,829.00,1244.00,829,415,0.00,0.00,0,0
1514571351,s3-eth1,1250290.00,27390.00,1277680.00,27390,1250290,829.00,415.00,1244.00,415,829,0.00,0.00,0,0
1514571351,s3-eth2,27456.00,1250290.00,1277746.00,1250290,27456,416.00,829.00,1245.00,829,416,0.00,0.00,0,0
1514571351,eth0,0.00,0.00,0.00,0,0,0.00,0.00,0.00,0,0,0.00,0.00,0,0
1514571351,lo,0.00,0.00,0.00,0,0,0.00,0.00,0.00,0,0,0.00,0.00,0,0
1514571351,total,3834686.00,3833172.00,7667858.00,3833172,3834686,3735.00,3734.00,7469.00,3734,3735,0.00,0.00,0,0
1514571352,s1-eth1,1250224.00,27390.00,1277614.00,27390,1250224,828.00,415.00,1243.00,415,828,0.00,0.00,0,0
1514571352,s1-eth2,27324.00,1250224.00,1277548.00,1250224,27324,414.00,828.00,1242.00,828,414,0.00,0.00,0,0
1514571352,s2-eth1,1250224.00,27324.00,1277548.00,27324,1250224,828.00,414.00,1242.00,414,828,0.00,0.00,0,0
1514571352,s2-eth2,27390.00,1250224.00,1277614.00,1250224,27390,415.00,828.00,1243.00,828,415,0.00,0.00,0,0
1514571352,s3-eth1,1250224.00,27390.00,1277614.00,27390,1250224,828.00,415.00,1243.00,415,828,0.00,0.00,0,0
1514571352,s3-eth2,27324.00,1250224.00,1277548.00,1250224,27324,414.00,828.00,1242.00,828,414,0.00,0.00,0,0
1514571352,eth0,0.00,0.00,0.00,0,0,0.00,0.00,0.00,0,0,0.00,0.00,0,0
1514571352,lo,0.00,0.00,0.00,0,0,0.00,0.00,0.00,0,0,0.00,0.00,0,0
1514571352,total,3832710.00,3832776.00,7665486.00,3832776,3832710,3727.00,3728.00,7455.00,3728,3727,0.00,0.00,0,0
1514571353,s1-eth1,1249924.00,27258.00,1277182.00,27258,1249924,826.00,413.00,1239.00,413,826,0.00,0.00,0,0
1514571353,s1-eth2,27258.00,1251438.00,1278696.00,1251438,27258,413.00,827.00,1240.00,827,413,0.00,0.00,0,0
1514571353,s2-eth1,1251438.00,27258.00,1278696.00,27258,1251438,827.00,413.00,1240.00,413,827,0.00,0.00,0,0
1514571353,s2-eth2,27258.00,1251438.00,1278696.00,1251438,27258,413.00,827.00,1240.00,827,413,0.00,0.00,0,0
1514571353,s3-eth1,1251438.00,27258.00,1278696.00,27258,1251438,827.00,413.00,1240.00,413,827,0.00,0.00,0,0
1514571353,s3-eth2,27324.00,1251438.00,1278762.00,1251438,27324,414.00,827.00,1241.00,827,414,0.00,0.00,0,0
1514571353,eth0,0.00,0.00,0.00,0,0,0.00,0.00,0.00,0,0,0.00,0.00,0,0
1514571353,lo,0.00,0.00,0.00,0,0,0.00,0.00,0.00,0,0,0.00,0.00,0,0
1514571353,total,3834640.00,3836088.00,7670728.00,3836088,3834640,3720.00,3720.00,7440.00,3720,3720,0.00,0.00,0,0
1514571354,s1-eth1,1250966.00,27324.00,1278290.00,27324,1250966,827.00,414.00,1241.00,414,827,0.00,0.00,0,0
1514571354,s1-eth2,27324.00,1250966.00,1278290.00,1250966,27324,414.00,827.00,1241.00,827,414,0.00,0.00,0,0
1514571354,s2-eth1,1250966.00,27324.00,1278290.00,27324,1250966,827.00,414.00,1241.00,414,827,0.00,0.00,0,0
1514571354,s2-eth2,27324.00,1250966.00,1278290.00,1250966,27324,414.00,827.00,1241.00,827,414,0.00,0.00,0,0
1514571354,s3-eth1,1250966.00,27324.00,1278290.00,27324,1250966,827.00,414.00,1241.00,414,827,0.00,0.00,0,0
1514571354,s3-eth2,27258.00,1250966.00,1278224.00,1250966,27258,413.00,827.00,1240.00,827,413,0.00,0.00,0,0
1514571354,eth0,0.00,0.00,0.00,0,0,0.00,0.00,0.00,0,0,0.00,0.00,0,0
1514571354,lo,516.00,516.00,1032.00,516,516,9.00,9.00,18.00,9,9,0.00,0.00,0,0
1514571354,total,3835320.00,3835386.00,7670706.00,3835386,3835320,3731.00,3732.00,7463.00,3732,3731,0.00,0.00,0,0
1514571355,s1-eth1,1250214.00,27324.00,1277538.00,27324,1250214,827.00,414.00,1241.00,414,827,0.00,0.00,0,0
1514571355,s1-eth2,27324.00,1250214.00,1277538.00,1250214,27324,414.00,827.00,1241.00,827,414,0.00,0.00,0,0
1514571355,s2-eth1,1250214.00,27324.00,1277538.00,27324,1250214,827.00,414.00,1241.00,414,827,0.00,0.00,0,0
1514571355,s2-eth2,27324.00,1250214.00,1277538.00,1250214,27324,414.00,827.00,1241.00,827,414,0.00,0.00,0,0
1514571355,s3-eth1,1250214.00,27324.00,1277538.00,27324,1250214,827.00,414.00,1241.00,414,827,0.00,0.00,0,0
1514571355,s3-eth2,27324.00,1250214.00,1277538.00,1250214,27324,414.00,827.00,1241.00,827,414,0.00,0.00,0,0
1514571355,eth0,0.00,0.00,0.00,0,0,0.00,0.00,0.00,0,0,0.00,0.00,0,0
1514571355,lo,0.00,0.00,0.00,0,0,0.00,0.00,0.00,0,0,0.00,0.00,0,0
1514571355,total,3832614.00,3832614.00,7665228.00,3832614,3832614,3723.00,3723.00,7446.00,3723,3723,0.00,0.00,0,0
1514571356,s1-eth1,1249726.25,27296.70,1277023.00,27324,1250976,827.17,413.59,1240.76,414,828,0.00,0.00,0,0
1514571356,s1-eth2,27362.64,1251238.75,1278601.38,1252490,27390,414.59,828.17,1242.76,829,415,0.00,0.00,0,0
1514571356,s2-eth1,1251238.75,27362.64,1278601.38,27390,1252490,828.17,414.59,1242.76,415,829,0.00,0.00,0,0
1514571356,s2-eth2,27296.70,1249726.25,1277023.00,1250976,27324,413.59,827.17,1240.76,828,414,0.00,0.00,0,0
1514571356,s3-eth1,1249726.25,27296.70,1277023.00,27324,1250976,827.17,413.59,1240.76,414,828,0.00,0.00,0,0
1514571356,s3-eth2,27362.64,1251238.75,1278601.38,1252490,27390,414.59,828.17,1242.76,829,415,0.00,0.00,0,0
1514571356,eth0,0.00,0.00,0.00,0,0,0.00,0.00,0.00,0,0,0.00,0.00,0,0
1514571356,lo,0.00,0.00,0.00,0,0,0.00,0.00,0.00,0,0,0.00,0.00,0,0
1514571356,total,3832713.50,3834160.00,7666873.50,3837994,3836546,3725.27,3725.27,7450.55,3729,3729,0.00,0.00,0,0
1514571357,s1-eth1,1251738.00,27390.00,1279128.00,27390,1251738,829.00,415.00,1244.00,415,829,0.00,0.00,0,0
1514571357,s1-eth2,27324.00,1250224.00,1277548.00,1250224,27324,414.00,828.00,1242.00,828,414,0.00,0.00,0,0
1514571357,s2-eth1,1250224.00,27324.00,1277548.00,27324,1250224,828.00,414.00,1242.00,414,828,0.00,0.00,0,0
1514571357,s2-eth2,27324.00,1251738.00,1279062.00,1251738,27324,414.00,829.00,1243.00,829,414,0.00,0.00,0,0
1514571357,s3-eth1,1251738.00,27324.00,1279062.00,27324,1251738,829.00,414.00,1243.00,414,829,0.00,0.00,0,0
1514571357,s3-eth2,27324.00,1250224.00,1277548.00,1250224,27324,414.00,828.00,1242.00,828,414,0.00,0.00,0,0
1514571357,eth0,0.00,0.00,0.00,0,0,0.00,0.00,0.00,0,0,0.00,0.00,0,0
1514571357,lo,0.00,0.00,0.00,0,0,0.00,0.00,0.00,0,0,0.00,0.00,0,0
1514571357,total,3835672.00,3834224.00,7669896.00,3834224,3835672,3728.00,3728.00,7456.00,3728,3728,0.00,0.00,0,0
1514571358,s1-eth1,1249528.00,27324.00,1276852.00,27324,1249528,828.00,414.00,1242.00,414,828,0.00,0.00,0,0
1514571358,s1-eth2,27390.00,1249528.00,1276918.00,1249528,27390,415.00,828.00,1243.00,828,415,0.00,0.00,0,0
1514571358,s2-eth1,1249528.00,27390.00,1276918.00,27390,1249528,828.00,415.00,1243.00,415,828,0.00,0.00,0,0
1514571358,s2-eth2,27456.00,1249528.00,1276984.00,1249528,27456,416.00,828.00,1244.00,828,416,0.00,0.00,0,0
1514571358,s3-eth1,1249528.00,27456.00,1276984.00,27456,1249528,828.00,416.00,1244.00,416,828,0.00,0.00,0,0
1514571358,s3-eth2,27390.00,1249528.00,1276918.00,1249528,27390,415.00,828.00,1243.00,828,415,0.00,0.00,0,0
1514571358,eth0,0.00,0.00,0.00,0,0,0.00,0.00,0.00,0,0,0.00,0.00,0,0
1514571358,lo,0.00,0.00,0.00,0,0,0.00,0.00,0.00,0,0,0.00,0.00,0,0
1514571358,total,3830820.00,3830754.00,7661574.00,3830754,3830820,3730.00,3729.00,7459.00,3729,3730,0.00,0.00,0,0
1514571359,s1-eth1,396160.00,8778.00,404938.00,8778,396160,264.00,133.00,397.00,133,264,0.00,0.00,0,0
1514571359,s1-eth2,8778.00,394646.00,403424.00,394646,8778,133.00,263.00,396.00,263,133,0.00,0.00,0,0
1514571359,s2-eth1,394646.00,8778.00,403424.00,8778,394646,263.00,133.00,396.00,133,263,0.00,0.00,0,0
1514571359,s2-eth2,8778.00,390104.00,398882.00,390104,8778,133.00,260.00,393.00,260,133,0.00,0.00,0,0
1514571359,s3-eth1,390104.00,8778.00,398882.00,8778,390104,260.00,133.00,393.00,133,260,0.00,0.00,0,0
1514571359,s3-eth2,8844.00,388590.00,397434.00,388590,8844,134.00,259.00,393.00,259,134,0.00,0.00,0,0
1514571359,eth0,0.00,0.00,0.00,0,0,0.00,0.00,0.00,0,0,0.00,0.00,0,0
1514571359,lo,516.00,516.00,1032.00,516,516,9.00,9.00,18.00,9,9,0.00,0.00,0,0
1514571359,total,1207826.00,1200190.00,2408016.00,1200190,1207826,1196.00,1190.00,2386.00,1190,1196,0.00,0.00,0,0
1514571360,s1-eth1,0.00,0.00,0.00,0,0,0.00,0.00,0.00,0,0,0.00,0.00,0,0
1514571360,s1-eth2,0.00,0.00,0.00,0,0,0.00,0.00,0.00,0,0,0.00,0.00,0,0
1514571360,s2-eth1,0.00,0.00,0.00,0,0,0.00,0.00,0.00,0,0,0.00,0.00,0,0
1514571360,s2-eth2,0.00,0.00,0.00,0,0,0.00,0.00,0.00,0,0,0.00,0.00,0,0
1514571360,s3-eth1,0.00,0.00,0.00,0,0,0.00,0.00,0.00,0,0,0.00,0.00,0,0
1514571360,s3-eth2,0.00,0.00,0.00,0,0,0.00,0.00,0.00,0,0,0.00,0.00,0,0
1514571360,eth0,0.00,0.00,0.00,0,0,0.00,0.00,0.00,0,0,0.00,0.00,0,0
1514571360,lo,0.00,0.00,0.00,0,0,0.00,0.00,0.00,0,0,0.00,0.00,0,0
1514571360,total,0.00,0.00,0.00,0,0,0.00,0.00,0.00,0,0,0.00,0.00,0,0
1514571361,s1-eth1,0.00,0.00,0.00,0,0,0.00,0.00,0.00,0,0,0.00,0.00,0,0
1514571361,s1-eth2,0.00,0.00,0.00,0,0,0.00,0.00,0.00,0,0,0.00,0.00,0,0
1514571361,s2-eth1,0.00,0.00,0.00,0,0,0.00,0.00,0.00,0,0,0.00,0.00,0,0
1514571361,s2-eth2,0.00,0.00,0.00,0,0,0.00,0.00,0.00,0,0,0.00,0.00,0,0
1514571361,s3-eth1,0.00,0.00,0.00,0,0,0.00,0.00,0.00,0,0,0.00,0.00,0,0
1514571361,s3-eth2,0.00,0.00,0.00,0,0,0.00,0.00,0.00,0,0,0.00,0.00,0,0
1514571361,eth0,60.00,60.00,120.00,60,60,1.00,1.00,2.00,1,1,0.00,0.00,0,0
1514571361,lo,0.00,0.00,0.00,0,0,0.00,0.00,0.00,0,0,0.00,0.00,0,0
1514571361,total,60.00,60.00,120.00,60,60,1.00,1.00,2.00,1,1,0.00,0.00,0,0
1514571362,s1-eth1,0.00,0.00,0.00,0,0,0.00,0.00,0.00,0,0,0.00,0.00,0,0
1514571362,s1-eth2,0.00,0.00,0.00,0,0,0.00,0.00,0.00,0,0,0.00,0.00,0,0
1514571362,s2-eth1,0.00,0.00,0.00,0,0,0.00,0.00,0.00,0,0,0.00,0.00,0,0
1514571362,s2-eth2,0.00,0.00,0.00,0,0,0.00,0.00,0.00,0,0,0.00,0.00,0,0
1514571362,s3-eth1,0.00,0.00,0.00,0,0,0.00,0.00,0.00,0,0,0.00,0.00,0,0
1514571362,s3-eth2,0.00,0.00,0.00,0,0,0.00,0.00,0.00,0,0,0.00,0.00,0,0
1514571362,eth0,0.00,60.00,60.00,60,0,0.00,1.00,1.00,1,0,0.00,0.00,0,0
1514571362,lo,0.00,0.00,0.00,0,0,0.00,0.00,0.00,0,0,0.00,0.00,0,0
1514571362,total,0.00,60.00,60.00,60,0,0.00,1.00,1.00,1,0,0.00,0.00,0,0
1514571363,s1-eth1,0.00,0.00,0.00,0,0,0.00,0.00,0.00,0,0,0.00,0.00,0,0
1514571363,s1-eth2,0.00,0.00,0.00,0,0,0.00,0.00,0.00,0,0,0.00,0.00,0,0
1514571363,s2-eth1,0.00,0.00,0.00,0,0,0.00,0.00,0.00,0,0,0.00,0.00,0,0
1514571363,s2-eth2,0.00,0.00,0.00,0,0,0.00,0.00,0.00,0,0,0.00,0.00,0,0
1514571363,s3-eth1,0.00,0.00,0.00,0,0,0.00,0.00,0.00,0,0,0.00,0.00,0,0
1514571363,s3-eth2,0.00,0.00,0.00,0,0,0.00,0.00,0.00,0,0,0.00,0.00,0,0
1514571363,eth0,0.00,0.00,0.00,0,0,0.00,0.00,0.00,0,0,0.00,0.00,0,0
1514571363,lo,0.00,0.00,0.00,0,0,0.00,0.00,0.00,0,0,0.00,0.00,0,0
1514571363,total,0.00,0.00,0.00,0,0,0.00,0.00,0.00,0,0,0.00,0.00,0,0
1514571364,s1-eth1,0.00,0.00,0.00,0,0,0.00,0.00,0.00,0,0,0.00,0.00,0,0
1514571364,s1-eth2,0.00,0.00,0.00,0,0,0.00,0.00,0.00,0,0,0.00,0.00,0,0
1514571364,s2-eth1,0.00,0.00,0.00,0,